date,CPI
5358,12.7
5357,12.7
5356,12.7
5355,12.7
5354,12.7
5351,12.7
5350,12.7
5349,12.7
5348,12.7
5347,12.7
5344,12.7
5343,12.7
5342,12.7
5341,12.7
5340,12.7
5337,12.7
5336,12.7
5335,12.7
5334,12.7
5333,12.7
5330,12.7
5329,12.7
5328,12.7
5327,12.7
5326,12.7
5323,12.7
5322,12.7
5321,12.7
5320,12.7
5319,12.7
5316,12.7
5315,12.7
5292,12.7
5314,12.7
5309,12.7
5308,12.7
5307,12.7
5306,12.7
5305,12.7
5302,12.7
5301,12.7
5300,12.7
5299,12.7
5298,12.7
5294,12.7
5293,12.7
5291,12.7
5288,12.7
5287,12.7
5286,12.7
5285,12.7
5284,12.7
5281,12.7
5280,12.7
5279,12.7
5278,12.7
5277,12.7
5274,12.7
5273,12.7
5272,12.7
5271,12.7
5270,12.7
5267,12.7
5266,12.7
5265,12.7
5264,12.7
5263,12.7
5260,12.7
5258,12.7
5257,12.7
5256,12.7
5253,12.7
5252,12.7
5251,12.7
5250,12.7
5249,12.7
5246,12.7
5245,12.7
5244,12.7
5243,12.7
5242,12.7
5239,12.7
5238,12.7
5237,12.7
5236,12.7
5232,12.7
5231,12.7
5230,12.7
5229,12.7
5228,12.7
5225,12.7
5224,12.7
5223,12.7
5222,12.7
5217,12.7
5216,12.7
5215,12.7
5214,12.7
5211,12.7
5210,12.7
5209,12.7
5208,12.7
5207,12.7
5204,9.6
5203,9.6
5202,9.6
5201,9.6
5200,9.6
5197,9.6
5196,9.6
5195,9.6
5194,9.6
5193,9.6
5190,9.6
5189,9.6
5188,9.6
5187,9.6
5186,9.6
5183,9.6
5182,9.6
5181,9.6
5180,9.6
5179,9.6
5176,9.6
5175,9.6
5174,9.6
5173,10.0
5172,10.0
5169,10.0
5168,10.0
5167,10.0
5166,10.0
5165,10.0
5162,10.0
5161,10.0
5160,10.0
5159,10.0
5158,10.0
5155,10.0
5154,10.0
5153,10.0
5152,10.0
5151,10.0
5148,10.0
5147,10.0
5146,10.0
5145,10.6
5144,10.6
5141,10.6
5140,10.6
5139,10.6
5138,10.6
5137,10.6
5134,10.6
5133,10.6
5132,10.6
5131,10.6
5130,10.6
5127,10.6
5126,10.6
5125,10.6
5124,10.6
5123,10.6
5120,10.6
5119,10.6
5118,10.6
5113,10.6
5112,10.6
5111,10.6
5106,10.6
5105,10.6
5104,10.6
5103,10.6
5102,10.6
5099,10.6
5098,10.6
5097,10.6
5096,10.6
5095,10.6
5092,10.6
5091,10.6
5090,10.6
5089,10.6
5088,10.6
5085,10.6
5084,10.6
5083,8.7
5082,8.7
5081,8.7
5078,8.7
5077,8.7
5076,8.7
5075,8.7
5074,8.7
5071,8.7
5070,8.7
5069,8.7
5068,8.7
5067,8.7
5064,8.7
5063,8.7
5062,8.7
5061,8.7
5060,8.7
5057,8.7
5056,8.7
5055,8.7
5054,8.7
5053,8.6
5050,8.6
5049,8.6
5048,8.6
5047,8.6
5046,8.6
5043,8.6
5042,8.6
5041,8.6
5040,8.6
5039,8.6
5036,8.6
5035,8.6
5034,8.6
5033,8.6
5032,8.6
5029,8.6
5028,8.6
5027,8.6
5026,8.6
5025,8.6
5020,8.6
5019,8.6
5018,8.6
5015,8.6
5014,8.6
5013,8.6
5012,8.6
5011,8.6
5008,8.6
5007,8.6
5006,8.6
5005,8.6
5004,8.6
5001,8.6
5000,8.6
4999,8.6
4998,8.6
4997,8.6
4994,8.6
4993,8.6
4992,8.4
4991,8.4
4990,8.4
4987,8.4
4986,8.4
4985,8.4
4984,8.4
4983,8.4
4980,8.4
4979,8.4
4978,8.4
4977,8.4
4976,8.4
4973,8.4
4972,8.4
4971,8.4
4970,8.4
4969,8.4
4966,8.4
4965,8.4
4964,8.4
4963,8.4
4962,8.4
4959,8.4
4958,8.4
4957,8.4
4956,8.4
4955,8.4
4952,8.4
4951,8.4
4950,8.4
4945,8.4
4944,8.4
4943,8.4
4942,8.4
4941,8.4
4938,8.4
4937,8.4
4936,8.4
4935,8.4
4934,8.4
4931,8.4
4929,8.4
4928,8.4
4927,8.4
4924,8.4
4923,8.4
4922,8.4
4921,8.4
4920,8.4
4917,8.4
4916,8.4
4915,8.4
4914,8.4
4913,8.4
4910,8.4
4909,8.4
4908,8.4
4907,8.4
4906,8.4
4903,8.4
4902,8.4
4901,8.4
4900,8.2
4899,8.2
4896,8.2
4895,8.2
4894,8.2
4893,8.2
4892,8.2
4889,8.2
4888,8.2
4887,8.2
4886,8.2
4885,8.2
4882,8.2
4880,8.2
4879,8.2
4878,8.2
4875,8.2
4874,8.2
4873,8.2
4872,8.2
4868,8.2
4867,8.2
4866,8.2
4865,8.2
4864,8.2
4861,8.2
4860,8.2
4859,8.2
4858,8.2
4857,8.2
4854,8.2
4853,8.2
4852,8.2
4851,8.2
4850,8.2
4847,8.2
4846,8.2
4845,8.2
4844,8.2
4839,5.6
4838,5.6
4837,5.6
4836,5.6
4833,5.6
4832,5.6
4831,5.6
4830,5.6
4829,5.6
4826,5.6
4825,5.6
4824,5.6
4823,5.6
4822,5.6
4819,5.6
4818,5.6
4817,5.6
4816,5.6
4815,5.6
4812,5.6
4811,5.6
4810,5.6
4809,5.6
4808,3.2
4805,3.2
4804,3.2
4803,3.2
4802,3.2
4801,3.2
4798,3.2
4797,3.2
4796,3.2
4795,3.2
4794,3.2
4791,3.2
4790,3.2
4789,3.2
4788,3.2
4787,3.2
4784,3.2
4783,3.2
4782,3.2
4781,3.2
4780,2.4
4777,2.4
4776,2.4
4775,2.4
4774,2.4
4773,2.4
4770,2.4
4769,2.4
4768,2.4
4767,2.4
4766,2.4
4763,2.4
4762,2.4
4761,2.4
4760,2.4
4759,2.4
4756,2.4
4755,2.4
4754,2.4
4753,2.4
4752,2.4
4748,2.4
4747,2.4
4746,2.4
4741,2.4
4740,2.4
4739,2.4
4738,2.4
4735,2.4
4734,2.4
4733,2.4
4732,2.4
4731,2.4
4728,2.4
4727,2.4
4726,2.4
4725,2.4
4724,2.4
4721,2.4
4720,2.4
4719,2.4
4718,2.2
4717,2.2
4714,2.2
4713,2.2
4712,2.2
4711,2.2
4710,2.2
4707,2.2
4706,2.2
4705,2.2
4704,2.2
4703,2.2
4700,2.2
4699,2.2
4698,2.2
4697,2.2
4696,2.2
4693,2.2
4692,2.2
4691,2.2
4690,2.2
4689,2.2
4686,2.2
4685,2.2
4684,2.2
4683,2.2
4682,2.2
4679,2.2
4678,2.2
4677,2.2
4676,2.2
4675,2.2
4672,2.2
4671,2.2
4670,2.2
4669,2.2
4668,2.2
4665,2.2
4664,2.2
4663,2.2
4662,2.2
4661,2.2
4658,2.2
4655,2.2
4654,2.2
4651,2.2
4650,2.2
4649,2.2
4648,2.2
4647,2.2
4644,2.2
4643,2.2
4642,2.2
4641,2.2
4640,2.2
4637,2.2
4636,2.2
4635,2.2
4634,2.2
4633,2.2
4630,2.2
4629,2.2
4628,2.2
4627,1.8
4626,1.8
4623,1.8
4622,1.8
4621,1.8
4620,1.8
4619,1.8
4616,1.8
4615,1.8
4614,1.8
4613,1.8
4612,1.8
4609,1.8
4608,1.8
4607,1.8
4606,1.8
4605,1.8
4602,1.8
4601,1.8
4600,1.8
4599,1.8
4598,1.8
4595,1.8
4594,1.8
4593,1.8
4592,1.8
4591,1.8
4588,1.8
4587,1.8
4586,1.8
4581,1.8
4580,1.8
4579,1.8
4578,1.8
4577,1.8
4574,1.8
4573,1.8
4572,1.8
4571,1.8
4570,1.8
4567,1.8
4566,1.8
4564,1.8
4563,1.8
4560,1.8
4559,1.8
4558,1.8
4557,1.8
4556,1.8
4553,1.8
4552,1.8
4551,1.8
4550,1.8
4549,1.8
4546,1.8
4545,1.8
4544,1.8
4543,1.8
4542,1.8
4539,1.8
4538,1.8
4537,1.8
4536,1.8
4535,0.9
4532,0.9
4531,0.9
4530,0.9
4529,0.9
4528,0.9
4525,0.9
4523,0.9
4522,0.9
4521,0.9
4518,0.9
4518,0.9
4517,0.9
4516,0.9
4515,0.9
4514,0.9
4511,0.9
4510,0.9
4509,0.9
4508,0.9
4507,0.9
4503,0.9
4502,0.9
4501,0.9
4500,0.9
4497,0.9
4496,0.9
4495,0.9
4494,0.9
4493,0.9
4490,0.9
4489,0.9
4488,0.9
4487,0.9
4482,0.9
4481,0.9
4480,0.9
4479,0.9
4476,0.9
4475,0.9
4474,2.5
4473,2.5
4472,2.5
4469,2.5
4468,2.5
4467,2.5
4466,2.5
4465,2.5
4462,2.5
4461,2.5
4460,2.5
4459,2.5
4458,2.5
4455,2.5
4454,2.5
4453,2.5
4452,2.5
4451,2.5
4448,2.5
4447,2.5
4446,2.5
4445,2.5
4444,2.5
4441,2.5
4440,2.5
4439,2.5
4438,2.5
4437,2.5
4434,2.5
4433,2.5
4432,2.5
4431,2.5
4430,2.5
4427,2.5
4426,2.5
4425,2.5
4424,2.5
4423,2.5
4420,2.5
4419,2.5
4418,2.5
4417,2.5
4416,2.5
4413,2.5
4412,2.5
4411,2.5
4410,2.5
4409,2.5
4406,2.5
4405,2.5
4404,2.5
4403,2.5
4402,2.5
4399,2.5
4398,2.5
4397,2.5
4396,2.5
4395,2.5
4392,2.5
4391,2.5
4390,2.5
4389,2.5
4388,2.5
4385,2.5
4382,2.5
4381,2.5
4378,2.5
4375,2.5
4374,2.5
4371,2.5
4370,2.5
4369,2.5
4368,2.5
4367,2.5
4364,2.5
4363,2.5
4362,2.5
4361,2.5
4360,2.5
4357,2.5
4356,2.5
4355,2.5
4354,2.5
4353,2.5
4350,2.5
4349,2.5
4348,2.5
4347,2.5
4346,2.5
4343,2.5
4342,2.5
4341,2.5
4340,2.5
4339,2.5
4336,2.5
4335,2.5
4334,2.5
4333,2.5
4332,2.5
4329,2.5
4328,2.5
4327,2.5
4326,2.5
4325,2.5
4322,2.1
4321,2.1
4320,2.1
4319,2.1
4318,2.1
4312,2.1
4311,2.1
4308,2.1
4307,2.1
4306,2.1
4305,2.1
4304,2.1
4301,2.1
4300,2.1
4299,2.1
4298,2.1
4297,2.1
4021,2.1
4021,2.1
4293,2.1
4292,2.1
4287,2.1
4286,2.1
4285,2.1
4284,2.1
4283,2.1
4280,2.1
4279,2.1
4278,2.1
4277,2.1
4276,2.1
4273,2.1
4272,2.1
4271,2.1
4270,2.1
4269,2.1
4266,2.1
4265,2.1
4264,2.1
4263,2.1
4262,2.1
4259,2.1
4258,2.1
4257,2.1
4256,2.1
4255,2.1
4252,2.1
4251,2.1
4250,2.1
4249,2.1
4248,2.1
4245,2.1
4244,2.1
4243,2.1
4242,2.1
4242,2.1
4241,2.1
4238,2.1
4237,2.1
4236,2.1
4235,2.1
4234,2.1
4231,2.1
4230,2.9
4228,2.9
4227,2.9
4224,2.9
4223,2.9
4222,2.9
4229,2.9
4221,2.9
4220,2.9
4217,2.9
4216,2.9
4215,2.9
4210,2.9
4209,2.9
4208,2.9
4207,2.9
4206,2.9
4203,2.9
4202,2.9
4201,2.9
4200,2.9
4196,2.9
4195,2.9
4194,2.9
4193,2.9
4192,2.9
4189,2.9
4188,2.9
4187,2.9
4186,2.9
4185,2.9
4182,2.9
4181,2.9
4180,2.9
4179,2.9
4178,2.9
4175,2.9
4174,2.9
4173,2.9
4172,2.9
4171,2.9
4168,2.9
4166,2.9
4165,2.9
4164,2.9
4161,2.9
4160,2.9
4159,2.9
4158,2.9
4157,2.9
4154,2.9
4153,2.9
4152,2.9
4151,2.9
4150,2.9
4147,2.9
4146,2.9
4145,2.9
4144,2.9
4143,2.9
4140,2.9
4139,2.9
4137,2.9
4136,2.9
4133,2.9
4132,2.9
4131,2.9
4130,2.9
4125,2.9
4124,2.9
4123,2.9
4122,2.9
4119,2.9
4118,2.9
4117,2.9
4116,2.9
4115,2.9
4112,2.9
4111,2.9
4110,2.9
4109,2.9
4108,2.5
4105,2.5
4104,2.5
4103,2.5
4102,2.5
4101,2.5
4098,2.5
4097,2.5
4096,2.5
4095,2.5
4094,2.5
4091,2.5
4090,2.5
4089,2.5
4088,2.5
4087,2.5
4084,2.5
4083,2.5
4082,2.5
4081,2.5
4080,2.5
4077,3.3
4076,3.3
4075,3.3
4070,3.3
4073,3.3
4074,3.3
4067,3.3
4068,3.3
4069,3.3
4066,3.3
4060,3.3
4061,3.3
4062,3.3
4063,3.3
4059,3.3
4053,3.3
4054,3.3
4055,3.3
4056,3.3
4047,3.3
4048,3.3
4049,3.3
4052,3.3
4046,3.3
4040,3.3
4041,3.3
4042,3.3
4045,3.3
4034,3.3
4035,3.3
4038,3.3
4039,3.3
4028,3.3
4031,3.3
4032,3.3
4033,3.3
4026,3.3
4027,3.3
4020,3.3
4024,3.3
4025,3.3
4010,3.3
4013,3.3
4014,3.3
4017,3.3
4004,3.3
4005,3.3
4006,3.3
4007,3.3
3998,3.3
3999,3.3
4000,3.3
4003,3.3
3992,3.3
3993,3.3
3996,3.3
3997,3.3
3986,3.3
3989,3.3
3990,3.3
3991,3.3
3985,3.3
3979,3.3
3982,3.3
3983,3.3
3984,3.3
3975,3.3
3976,3.3
3977,3.3
3978,3.3
3969,3.3
3970,3.3
3971,3.3
3972,3.3
3963,3.3
3964,3.3
3965,3.3
3968,3.3
3958,3.3
3961,3.3
3962,3.3
3955,3.3
3956,3.3
3957,3.8
3949,3.8
3950,3.8
3951,3.8
3954,3.8
3948,3.8
3948,3.8
3942,3.8
3943,3.8
3944,3.8
3947,3.8
3936,3.8
3937,3.8
3940,3.8
3941,3.8
3934,3.8
3935,3.8
3929,3.8
3930,3.8
3933,3.8
3921,3.8
3922,3.8
3923,3.8
3928,3.8
3916,3.8
3919,3.8
3920,3.8
3914,3.8
3915,3.8
3908,3.8
3909,3.8
3912,3.8
3913,3.8
3902,3.8
3905,3.8
3906,3.8
3907,3.8
3901,3.8
3895,3.8
3898,3.8
3899,3.8
3900,3.8
3891,3.8
3892,3.8
3893,3.8
3894,3.8
3888,3.8
3884,3.8
3885,3.8
3886,3.8
3887,3.8
3878,3.8
3879,3.8
3880,3.8
3881,3.8
3877,3.8
3871,3.8
3872,3.8
3873,3.8
3874,3.8
3866,3.8
3867,3.8
3870,3.8
3864,3.8
3865,3.0
3858,3.0
3859,3.0
3860,3.0
3863,3.0
3852,3.0
3853,3.0
3856,3.0
3857,3.0
3844,3.0
3845,3.0
3846,3.0
3851,3.0
3843,3.0
3837,3.0
3838,3.0
3839,3.0
3842,3.0
3831,3.0
3832,3.0
3836,3.0
3825,3.0
3828,3.0
3829,3.0
3830,3.0
3821,3.0
3822,3.0
3823,3.0
3824,3.0
3815,3.0
3816,3.0
3817,3.0
3818,3.0
3809,3.0
3810,3.0
3811,3.0
3814,3.0
3803,3.0
3804,3.1
3807,3.1
3808,3.1
3802,3.1
3796,3.1
3797,3.1
3800,3.1
3801,3.1
3794,3.1
3795,3.1
3788,3.1
3789,3.1
3790,3.1
3793,3.1
3781,3.1
3783,3.1
3786,3.1
3787,3.1
3776,3.1
3779,3.1
3780,3.1
3774,3.1
3775,3.1
3769,3.1
3772,3.1
3768,3.1
3762,3.1
3765,3.1
3767,3.1
3766,3.1
3758,3.1
3759,3.1
3760,3.1
3761,3.1
3752,3.1
3753,3.1
3754,3.1
3755,3.1
3746,3.1
3747,3.1
3748,3.1
3751,3.1
3739,3.1
3740,3.1
3734,3.1
3737,3.1
3738,3.1
3731,3.1
3732,3.1
3733,3.1
3725,3.1
3726,3.1
3727,3.1
3730,3.1
3719,3.1
3720,3.1
3723,3.1
3724,3.1
3713,3.1
3716,3.1
3717,3.1
3718,3.1
3709,3.1
3710,3.1
3711,3.1
3712,2.8
3703,2.8
3704,2.8
3705,2.8
3706,2.8
3698,2.8
3699,2.8
3702,2.8
3692,2.8
3695,2.8
3696,2.8
3697,2.8
3688,2.8
3689,2.8
3690,2.8
3691,2.8
3682,2.8
3683,2.8
3684,3.2
3685,3.2
3677,3.2
3678,3.2
3681,3.2
3671,3.2
3674,3.2
3675,3.2
3676,3.2
3667,3.2
3668,3.2
3669,3.2
3669,3.2
3670,3.2
3661,3.2
3662,3.2
3663,3.2
3664,3.2
3655,3.2
3656,3.2
3657,3.2
3660,3.2
3643,3.2
3648,3.2
3649,3.2
3650,3.2
3639,3.2
3640,3.2
3641,3.2
3642,3.2
3635,3.2
3636,3.2
3632,3.2
3633,3.2
3634,3.2
3627,3.2
3628,3.2
3629,3.2
3622,3.2
3625,3.2
3626,3.2
3620,3.2
3621,3.2
3619,3.2
3615,3.2
3618,3.2
3613,3.2
3614,3.2
3608,3.2
3611,3.2
3612,3.2
3605,3.2
3606,3.2
3607,3.2
3600,3.2
3601,3.2
3604,3.2
3598,3.2
3599,3.2
3594,3.2
3597,3.2
3591,3.2
3592,2.9
3593,2.9
3587,2.9
3590,2.9
3585,2.9
3586,2.9
3583,2.9
3584,2.9
3578,2.9
3579,2.9
3580,2.9
3576,2.9
3577,2.9
3571,2.9
3572,2.9
3573,2.9
3566,2.9
3569,2.9
3570,2.9
3563,2.9
3564,2.9
3565,2.9
3557,2.9
3558,2.9
3559,2.9
3552,2.9
3555,2.9
3556,2.9
3548,2.9
3549,2.9
3550,2.9
3551,2.9
3544,2.9
3545,2.9
3538,2.9
3541,2.9
3542,2.9
3543,2.9
3534,2.9
3535,2.9
3536,2.9
3537,2.9
3528,2.9
3529,2.9
3530,2.9
3531,3.2
3522,3.2
3523,3.2
3524,3.2
3527,3.2
3516,3.2
3517,3.2
3520,3.2
3521,3.2
3513,3.2
3514,3.2
3515,3.2
3508,3.2
3509,3.2
3510,3.2
3502,3.2
3503,3.2
3506,3.2
3507,3.2
3496,3.2
3499,3.2
3500,3.4
3501,3.4
3494,3.4
3495,3.4
3493,3.4
3487,3.4
3488,3.4
3489,3.4
3492,3.4
3479,3.4
3480,3.4
3481,3.4
3482,3.4
3475,3.4
3478,3.4
3474,3.4
3467,3.4
3468,3.4
3472,3.4
3473,3.4
3465,3.4
3466,3.4
3460,3.4
3461,3.4
3464,3.4
3457,3.4
3458,3.4
3459,3.4
3453,3.4
3454,3.4
3447,3.4
3450,3.4
3451,3.4
3452,3.4
3443,3.4
3444,3.4
3445,3.4
3446,3.4
3437,3.4
3438,3.4
3439,3.5
3440,3.5
3433,3.5
3436,3.5
3425,3.5
3426,3.5
3429,3.5
3430,3.5
3431,3.5
3419,3.5
3422,3.5
3423,3.5
3424,3.5
3416,3.5
3417,3.5
3418,3.5
3412,3.5
3415,3.5
3409,3.5
3410,3.5
3411,3.5
3402,3.5
3403,3.5
3404,3.5
3405,3.5
3396,3.5
3397,3.5
3398,3.5
3401,3.5
3389,3.5
3390,3.5
3395,3.5
3384,3.5
3387,3.5
3388,3.5
3380,3.5
3381,3.5
3382,3.5
3383,3.5
3374,3.5
3375,3.5
3376,3.5
3377,3.5
3368,3.5
3369,3.5
3370,3.5
3373,3.5
3362,3.5
3363,3.5
3366,3.5
3367,3.5
3356,3.5
3359,3.5
3360,3.5
3361,3.5
3353,3.5
3354,3.5
3355,3.5
3349,3.5
3352,3.5
3346,3.5
3347,3.5
3348,3.5
3342,3.5
3345,3.5
3339,3.5
3340,3.5
3341,3.5
3335,3.5
3338,3.5
3332,3.5
3333,3.5
3334,3.5
3328,3.5
3331,3.5
3326,3.5
3327,3.5
3321,3.5
3324,3.5
3325,3.5
3319,3.4
3320,3.4
3317,3.4
3318,3.4
3312,3.4
3313,3.4
3314,3.4
3310,3.4
3311,3.4
3306,3.4
3307,3.4
3303,3.4
3304,3.4
3305,3.4
3298,3.4
3299,3.4
3300,3.4
3293,3.4
3296,3.4
3297,3.4
3286,3.4
3291,3.4
3292,3.4
3279,3.4
3284,3.4
3285,3.4
3277,3.4
3278,3.4
3272,3.4
3275,3.4
3276,3.4
3268,3.4
3269,3.4
3270,3.4
3271,3.4
3262,3.4
3263,3.4
3264,3.4
3265,3.4
3256,3.4
3257,3.0
3258,3.0
3261,3.0
3255,3.0
3249,3.0
3250,3.0
3251,3.0
3254,3.0
3243,3.0
3244,3.0
3247,3.0
3248,3.0
3237,3.0
3240,3.0
3241,3.0
3242,3.0
3233,3.0
3234,3.0
3235,3.0
3236,3.0
3227,2.9
3228,2.9
3229,2.9
3230,2.9
3221,2.9
3222,2.9
3223,2.9
3226,2.9
3215,2.9
3216,2.9
3219,2.9
3220,2.9
3212,2.9
3213,2.9
3214,2.9
3207,2.9
3208,2.9
3209,2.9
3206,2.9
3200,2.9
3201,2.9
3202,2.9
3205,2.9
3192,2.9
3193,2.9
3198,2.9
3199,2.9
3186,2.9
3187,2.9
3188,2.9
3191,2.9
3180,2.9
3181,2.9
3184,2.9
3185,2.9
3178,2.9
3179,2.9
3172,2.9
3173,2.9
3174,2.9
3177,2.9
3166,2.8
3167,2.8
3170,2.8
3171,2.8
3160,2.8
3163,2.8
3164,2.8
3165,2.8
3156,2.8
3157,2.8
3158,2.8
3159,2.8
3150,2.8
3151,2.8
3152,2.8
3153,2.8
3144,2.8
3145,2.8
3146,2.8
3149,2.8
3143,2.8
3137,2.8
3138,2.8
3139,2.8
3142,2.8
3131,2.8
3132,2.8
3135,2.6
3136,2.6
3125,2.6
3128,2.6
3129,2.6
3130,2.6
3117,2.6
3118,2.6
3123,2.6
3124,2.6
3115,2.6
3116,2.6
3109,2.6
3110,2.6
3111,2.6
3114,2.6
3102,2.6
3103,2.6
3107,2.6
3108,2.6
3097,2.6
3100,2.6
3101,2.6
3093,2.6
3094,2.6
3095,2.6
3096,2.6
3087,2.6
3088,2.6
3089,2.6
3090,2.6
3081,2.6
3082,2.6
3083,2.6
3086,2.6
3076,2.6
3079,2.6
3080,2.6
3072,2.6
3073,2.6
3074,2.7
3075,2.7
3066,2.7
3067,2.7
3068,2.7
3069,2.7
3062,2.7
3065,2.7
3059,2.7
3060,2.7
3061,2.7
3053,2.7
3054,2.7
3055,2.7
3058,2.7
3046,2.7
3048,2.7
3051,2.7
3052,2.7
3039,2.7
3040,2.7
3041,2.7
3045,2.7
3033,2.7
3034,2.7
3037,2.7
3038,2.7
3027,2.7
3030,2.7
3031,2.7
3032,2.7
3025,2.7
3026,2.7
3019,2.7
3020,2.7
3023,2.7
3024,2.7
3013,2.8
3016,2.8
3017,2.8
3018,2.8
3005,2.8
3010,2.8
3011,2.8
3012,2.8
3004,2.8
2999,2.8
3002,2.8
3003,2.8
2996,2.8
2997,2.8
2998,2.8
2990,2.8
2991,2.8
2992,2.8
2995,2.8
2984,2.8
2985,2.8
2988,2.8
2989,2.8
2978,2.8
2981,2.8
2982,3.0
2983,3.0
2974,3.0
2975,3.0
2976,3.0
2977,3.0
2969,3.0
2970,3.0
2971,3.0
2963,3.0
2964,3.0
2967,3.0
2968,3.0
2961,3.0
2962,3.0
2955,3.0
2956,3.0
2957,3.0
2960,3.0
2949,3.0
2950,3.0
2953,3.0
2954,3.0
2948,3.0
2942,3.0
2943,3.0
2946,3.0
2947,3.0
2936,3.0
2939,3.0
2940,3.0
2941,3.0
2935,3.0
2929,3.0
2932,3.0
2933,3.0
2934,3.0
2925,3.0
2926,3.0
2927,3.0
2928,3.0
2914,3.0
2919,3.0
2920,3.0
2921,3.0
2908,3.0
2911,3.0
2912,3.0
2913,3.0
2905,3.0
2906,3.0
2907,3.0
2899,3.0
2900,3.0
2901,3.0
2904,3.0
2897,3.0
2898,3.0
2892,3.0
2893,3.0
2894,3.0
2886,3.0
2887,3.0
2890,3.0
2891,3.1
2885,3.1
2879,3.1
2880,3.1
2883,3.1
2884,3.1
2873,3.1
2876,3.1
2877,3.1
2878,3.1
2869,3.1
2870,3.1
2872,3.1
2871,3.1
2863,3.1
2864,3.1
2865,3.1
2866,3.1
2857,3.1
2858,3.1
2859,3.1
2862,3.1
2851,3.1
2852,3.1
2855,3.1
2856,3.1
2848,3.1
2849,3.1
2850,3.1
2842,3.1
2843,3.1
2844,3.1
2845,3.1
2836,3.1
2837,3.1
2838,3.1
2841,3.1
2828,3.1
2831,3.1
2834,3.1
2835,3.1
2823,3.1
2824,3.1
2827,3.1
2817,3.1
2820,3.1
2821,3.1
2822,3.1
2815,3.1
2816,3.1
2809,3.1
2810,3.1
2813,3.1
2814,3.1
2803,3.1
2806,3.1
2807,3.1
2808,3.1
2799,3.1
2800,2.9
2801,2.9
2802,2.9
2793,2.9
2794,2.9
2795,2.9
2796,2.9
2787,2.9
2788,2.9
2789,2.9
2792,2.9
2781,2.9
2782,2.9
2785,2.9
2786,2.9
2779,2.9
2780,2.9
2773,2.9
2774,2.9
2775,2.9
2778,2.9
2768,2.9
2771,2.9
2772,2.9
2764,2.9
2765,2.9
2766,2.9
2767,2.9
2754,2.9
2759,2.9
2760,2.9
2761,2.9
2751,2.9
2752,2.9
2753,2.9
2746,2.9
2747,2.9
2750,2.9
2744,2.9
2745,2.9
2740,2.9
2743,2.9
2737,2.9
2739,2.9
2731,2.9
2732,2.9
2733,2.9
2736,2.9
2725,2.9
2726,2.9
2729,2.9
2730,2.9
2719,2.9
2722,2.9
2723,2.9
2724,2.9
2717,2.9
2718,2.9
2711,2.9
2712,2.9
2715,2.9
2716,2.9
2708,3.1
2709,3.1
2710,3.1
2702,3.1
2703,3.1
2704,3.1
2705,3.1
2696,3.1
2697,3.1
2698,3.1
2701,3.1
2691,3.1
2694,3.1
2695,3.1
2687,3.1
2688,3.1
2689,3.1
2683,3.1
2684,3.1
2681,3.1
2682,3.1
2675,3.1
2676,3.1
2680,3.1
2670,3.1
2673,3.1
2674,3.1
2666,3.1
2667,3.1
2668,3.1
2669,3.1
2660,3.1
2661,3.1
2662,3.1
2663,3.1
2656,3.1
2659,3.1
2648,3.1
2653,3.1
2654,3.1
2655,3.1
2645,3.1
2646,3.1
2647,3.1
2639,3.1
2640,3.1
2641,3.1
2642,3.1
2633,3.1
2634,3.1
2635,3.1
2638,3.1
2631,3.1
2632,3.1
2626,3.1
2627,3.1
2628,3.1
2621,3.1
2624,3.1
2625,3.1
2619,3.1
2620,3.1
2614,3.1
2617,3.1
2618,3.1
2612,3.1
2613,3.1
2610,3.1
2611,3.1
2605,3.1
2606,3.1
2607,3.1
2599,3.1
2600,3.1
2603,3.1
2604,3.1
2593,3.1
2596,3.1
2597,3.1
2598,3.1
2592,3.1
2586,3.1
2589,3.1
2590,3.1
2591,3.1
2582,3.1
2583,3.1
2584,3.1
2585,3.1
2576,3.1
2577,3.1
2578,3.1
2579,3.1
2572,3.1
2575,3.1
2568,3.1
2569,3.1
2570,3.1
2571,3.1
2562,3.1
2563,3.1
2564,3.1
2565,3.1
2554,3.1
2555,3.1
2556,3.1
2561,3.1
2547,3.1
2548,3.1
2549,3.1
2541,3.1
2542,3.1
2543,3.1
2544,3.1
2535,3.1
2536,3.1
2537,3.1
2540,3.1
2529,3.1
2530,3.1
2534,3.1
2533,3.1
2527,3.1
2528,3.1
2521,3.1
2522,3.1
2523,3.1
2526,3.8
2515,3.8
2516,3.8
2519,3.8
2520,3.8
2509,3.8
2512,3.8
2513,3.8
2514,3.8
2505,3.8
2506,3.8
2507,3.8
2508,3.8
2499,3.8
2500,3.8
2501,3.8
2502,3.8
2494,3.8
2495,3.8
2498,3.8
2487,3.8
2491,3.8
2492,3.8
2493,3.8
2481,3.8
2484,3.8
2485,3.8
2486,3.8
2480,3.8
2474,3.8
2477,3.8
2478,3.8
2479,3.8
2470,3.8
2471,3.8
2472,3.8
2473,3.8
2463,3.8
2466,3.8
2467,3.8
2460,3.8
2456,3.8
2457,3.8
2458,3.8
2459,3.8
2450,3.8
2451,3.8
2452,3.8
2453,3.8
2445,3.8
2446,3.8
2449,3.8
2444,3.8
2443,3.8
2437,3.8
2438,3.8
2439,3.8
2442,3.8
2431,3.8
2432,3.8
2435,4.5
2436,4.5
2425,4.5
2428,4.5
2429,4.5
2430,4.5
2422,4.5
2423,4.5
2424,4.5
2418,4.5
2421,4.5
2414,4.5
2415,4.5
2416,4.5
2417,4.5
2408,4.5
2409,4.5
2410,4.5
2411,4.5
2402,4.5
2403,4.5
2404,4.6
2407,4.6
2396,4.6
2397,4.6
2400,4.6
2401,4.6
2388,4.6
2389,4.6
2390,4.6
2395,4.6
2382,4.6
2383,4.6
2386,4.6
2387,4.6
2376,4.6
2379,4.6
2380,4.6
2381,4.6
2369,4.6
2372,4.6
2374,4.6
2375,4.6
2365,4.6
2366,4.6
2367,4.6
2368,4.6
2359,4.6
2360,4.6
2361,4.6
2362,4.6
2353,4.6
2354,4.6
2355,4.6
2358,4.6
2347,4.6
2348,4.6
2351,4.6
2352,4.6
2341,4.6
2344,4.6
2345,4.6
2346,4.6
2334,4.6
2337,4.6
2338,4.6
2339,4.6
2333,4.6
2330,4.6
2331,4.6
2332,4.6
2324,4.6
2325,4.6
2326,4.6
2327,4.6
2318,4.6
2319,4.6
2320,4.6
2323,4.6
2311,4.6
2313,4.6
2316,4.6
2317,4.6
2305,4.6
2306,4.6
2309,4.6
2310,4.6
2297,4.6
2298,4.6
2303,4.6
2304,4.6
2295,4.6
2296,4.6
2291,4.6
2292,4.6
2288,4.6
2289,4.6
2290,4.6
2284,4.6
2285,4.6
2278,4.6
2281,4.6
2282,4.5
2283,4.5
2275,4.5
2276,4.5
2277,4.5
2269,4.5
2270,4.5
2271,4.5
2274,4.5
2263,4.5
2264,4.5
2267,4.5
2268,4.5
2257,4.5
2260,4.5
2261,4.5
2262,4.5
2253,4.5
2254,4.5
2255,4.5
2256,4.5
2247,4.5
2248,4.5
2249,4.5
2250,4.5
2241,4.5
2242,4.5
2243,4.5
2246,4.5
2235,4.5
2236,4.5
2239,4.5
2240,4.5
2232,4.5
2233,4.5
2234,4.5
2226,4.5
2227,4.5
2228,4.5
2229,4.5
2221,4.5
2222,4.5
2225,4.5
2219,4.5
2220,4.5
2213,4.5
2214,4.5
2215,4.5
2218,4.5
2207,4.5
2208,4.5
2211,4.5
2212,4.5
2201,4.5
2204,4.5
2205,4.5
2206,4.5
2197,4.5
2198,4.5
2199,4.5
2200,4.5
2191,4.5
2194,4.5
2183,4.5
2184,4.5
2187,4.5
2190,4.5
2176,4.5
2178,4.5
2179,4.5
2180,4.5
2172,4.5
2173,4.5
2177,4.5
2166,4.5
2169,4.5
2170,4.5
2171,4.5
2162,4.5
2163,4.5
2164,4.5
2165,4.5
2156,4.5
2157,4.5
2158,4.5
2159,4.5
2150,4.5
2151,4.5
2152,4.5
2155,4.5
2145,4.5
2148,4.5
2149,4.5
2141,4.5
2142,4.5
2143,4.5
2144,4.5
2135,4.5
2136,4.5
2137,4.5
2138,4.5
2130,4.5
2131,4.1
2134,4.1
2127,4.1
2128,4.1
2129,4.1
2121,4.1
2122,4.1
2123,4.1
2124,4.1
2115,4.1
2116,4.1
2117,4.1
2120,4.1
2109,4.1
2110,4.1
2113,4.1
2114,4.1
2106,4.1
2107,4.1
2108,4.1
2096,4.1
2101,4.1
2102,4.1
2103,4.1
2093,4.1
2094,4.1
2095,4.1
2092,4.1
2087,4.1
2088,4.1
2089,4.1
2082,4.1
2085,4.1
2086,4.1
2080,4.1
2081,4.1
2078,4.1
2079,4.1
2072,4.1
2073,4.1
2074,4.1
2075,4.1
2066,4.1
2067,4.1
2068,4.1
2071,4.1
2060,4.1
2061,4.1
2064,4.1
2065,4.1
2054,4.1
2057,4.1
2058,4.1
2059,4.1
2051,4.1
2052,4.1
2053,4.1
2046,4.1
2047,4.1
2050,4.1
2040,4.1
2043,4.1
2044,4.1
2045,4.1
2036,4.1
2037,4.1
2038,4.1
2039,5.6
2030,5.6
2031,5.6
2032,5.6
2033,5.6
2024,5.6
2025,5.6
2026,5.6
2029,5.6
2016,5.6
2017,5.6
2018,5.6
2019,5.6
2010,5.6
2011,5.6
2012,5.6
2015,5.6
2004,5.6
2005,5.6
2009,5.6
1997,5.6
2001,5.6
2002,5.6
2003,5.6
1996,5.6
1998,5.6
1991,5.6
1994,5.6
1995,5.6
1987,5.6
1988,5.6
1989,5.6
1990,5.6
1981,5.6
1982,5.6
1983,5.6
1984,5.6
1975,5.6
1976,5.6
1977,5.6
1980,5.6
1969,5.6
1970,5.6
1973,5.6
1974,5.6
1963,5.6
1966,5.6
1967,5.6
1968,5.6
1960,5.6
1961,5.6
1962,5.6
1953,5.6
1954,5.6
1956,5.6
1959,5.6
1948,5.6
1949,5.6
1952,5.6
1942,5.6
1945,5.6
1946,5.6
1940,5.6
1941,5.6
1934,5.6
1935,5.6
1938,5.6
1939,5.6
1928,5.6
1931,5.6
1932,5.6
1933,5.6
1924,5.6
1925,5.6
1926,5.6
1927,5.6
1918,5.6
1919,5.6
1920,5.6
1921,5.6
1910,5.6
1911,5.6
1912,5.6
1913,5.6
1905,5.6
1906,5.6
1907,5.6
1904,5.6
1898,5.6
1899,5.6
1900,5.6
1903,5.6
1892,5.6
1893,5.6
1896,5.6
1897,5.6
1886,7.6
1889,7.6
1890,7.6
1891,7.6
1884,7.6
1885,7.6
1878,7.6
1879,7.6
1882,7.6
1883,7.6
1872,7.6
1875,7.6
1876,7.6
1877,7.6
1869,7.6
1870,7.6
1871,7.6
1863,7.6
1864,7.6
1868,7.6
1865,7.6
1858,7.5
1861,7.5
1862,7.5
1855,7.5
1856,7.5
1857,7.5
1849,7.5
1850,7.5
1851,7.5
1854,7.5
1844,7.5
1847,7.5
1848,7.5
1840,7.5
1841,7.5
1842,7.5
1843,7.5
1834,7.5
1835,7.5
1836,7.5
1837,7.5
1826,7.5
1833,7.5
1829,7.5
1830,7.5
1816,7.5
1819,7.5
1822,7.5
1823,7.5
1812,7.5
1813,7.5
1814,7.5
1815,7.5
1806,7.5
1807,7.5
1808,7.5
1809,7.5
1805,7.5
1799,7.5
1800,7.5
1801,7.5
1802,7.5
1793,7.5
1794,7.5
1795,7.5
1798,7.5
1787,7.5
1788,7.5
1791,7.5
1792,7.5
1781,7.5
1784,7.5
1785,7.5
1786,7.5
1778,7.5
1779,7.5
1780,7.5
1773,7.5
1774,7.5
1777,7.5
1770,7.5
1771,7.5
1772,7.5
1764,7.5
1765,7.5
1766,7.4
1767,7.4
1758,7.4
1759,7.4
1760,7.4
1763,7.4
1752,7.4
1753,7.4
1756,7.4
1757,7.4
1746,7.4
1749,7.4
1750,7.4
1751,7.4
1742,7.4
1743,7.4
1744,7.4
1745,7.4
1737,7.4
1738,7.4
1739,7.4
1732,7.4
1729,7.4
1730,7.4
1731,7.4
1723,7.4
1724,7.4
1725,7.4
1728,7.4
1716,7.4
1718,7.4
1721,7.4
1722,7.4
1715,7.4
1717,7.4
1710,7.4
1711,7.4
1714,7.4
1707,7.4
1708,7.4
1709,7.4
1703,7.4
1704,7.4
1697,7.4
1700,7.4
1701,7.4
1702,7.4
1694,7.4
1695,7.4
1696,7.4
1689,7.4
1690,7.4
1693,7.4
1683,7.4
1686,7.4
1687,7.4
1688,7.4
1679,7.4
1680,7.4
1681,7.4
1682,7.4
1673,7.4
1674,6.6
1675,6.6
1676,6.6
1667,6.6
1668,6.6
1669,6.6
1672,6.6
1661,6.6
1662,6.6
1665,6.6
1666,6.6
1653,6.6
1654,6.6
1660,6.6
1655,6.6
1651,6.6
1652,6.6
1645,6.6
1646,6.6
1647,6.6
1648,6.6
1641,6.6
1639,6.6
1634,6.6
1637,6.6
1638,6.6
1640,6.6
1631,6.6
1632,6.6
1633,6.6
1633,6.6
1627,6.6
1630,6.6
1623,6.6
1624,6.6
1625,6.6
1626,6.6
1617,6.6
1618,6.6
1619,6.6
1620,6.6
1611,6.6
1612,6.6
1613,7.3
1616,7.3
1610,7.3
1604,7.3
1605,7.3
1606,7.3
1609,7.3
1599,7.3
1602,7.3
1603,7.3
1595,7.3
1596,7.3
1597,7.3
1589,7.3
1590,7.3
1591,7.3
1592,7.3
1585,7.3
1588,7.3
1578,7.3
1581,7.3
1583,7.3
1584,7.3
1575,7.3
1576,7.3
1577,7.3
1570,7.3
1571,7.3
1574,7.3
1564,7.3
1567,7.3
1568,7.3
1569,7.3
1561,7.3
1562,7.3
1563,7.3
1553,7.3
1554,7.3
1555,7.3
1556,7.3
1547,7.3
1548,7.3
1549,7.3
1550,7.3
1543,7.3
1546,7.3
1541,7.3
1540,7.3
1542,7.3
1536,7.3
1539,7.3
1534,7.3
1535,7.3
1532,7.3
1533,7.3
1527,7.3
1528,7.3
1529,7.3
1525,7.3
1526,7.3
1519,7.3
1520,7.3
1521,8.0
1522,8.0
1515,8.0
1518,8.0
1513,8.0
1514,8.0
1511,8.0
1512,8.0
1507,8.0
1508,8.0
1505,8.0
1506,8.0
1500,8.0
1501,8.0
1504,8.0
1498,8.0
1499,8.0
1494,8.0
1497,8.0
1492,8.2
1493,8.2
1490,8.2
1491,8.2
1485,8.2
1486,8.2
1487,8.2
1480,8.2
1483,8.2
1484,8.2
1478,8.2
1479,8.2
1476,8.2
1477,8.2
1472,8.2
1473,8.2
1469,8.2
1470,8.2
1471,8.2
1465,8.2
1466,8.2
1458,8.2
1459,8.2
1464,8.2
1452,8.2
1457,8.2
1450,8.2
1451,8.2
1448,8.2
1449,8.2
1443,8.2
1444,8.2
1445,8.2
1441,8.2
1442,8.2
1437,8.2
1438,8.2
1435,8.2
1436,8.2
1434,8.2
1428,8.2
1429,8.2
1431,8.2
1430,9.2
1422,9.2
1423,9.2
1424,9.2
1427,9.2
1421,9.2
1416,9.2
1417,9.2
1420,9.2
1413,9.2
1415,9.2
1410,9.2
1414,9.2
1406,9.2
1407,9.2
1408,9.2
1409,9.2
1401,9.2
1400,9.2
1402,9.2
1403,9.2
1395,9.2
1396,9.2
1399,9.2
1389,9.2
1392,9.2
1393,9.2
1394,9.2
1385,9.2
1386,9.2
1387,9.2
1388,9.2
1379,9.2
1380,9.2
1381,9.2
1382,9.2
1373,9.2
1374,9.2
1375,9.2
1378,9.2
1366,9.2
1367,9.2
1371,9.2
1372,9.2
1360,9.2
1361,9.2
1364,9.2
1365,9.2
1358,9.2
1359,9.2
1352,9.2
1353,9.2
1354,9.2
1357,9.2
1346,9.2
1347,9.2
1350,9.2
1351,9.2
1343,9.2
1344,9.2
1345,9.2
1339,8.6
1340,8.6
1333,8.6
1336,8.6
1337,8.6
1338,8.6
1326,8.6
1329,8.6
1330,8.6
1331,8.6
1332,8.6
1322,8.6
1323,8.6
1324,8.6
1325,8.6
1316,8.6
1317,8.6
1318,8.6
1319,8.6
1309,8.6
1310,8.6
1311,8.6
1315,8.6
1303,8.6
1304,8.6
1305,8.6
1308,8.7
1297,8.7
1298,8.7
1301,8.7
1302,8.7
1289,8.7
1290,8.7
1291,8.7
1296,8.7
1283,8.7
1284,8.7
1287,8.7
1288,8.7
1280,8.7
1281,8.7
1282,8.7
1275,8.7
1276,8.7
1273,8.7
1274,8.7
1269,8.7
1270,8.7
1268,8.7
1263,8.7
1266,8.7
1267,8.7
1260,8.7
1261,8.7
1262,8.7
1256,8.7
1259,8.7
1254,8.7
1255,8.7
1249,8.7
1252,8.7
1253,8.7
1246,8.7
1247,7.9
1242,7.9
1245,7.9
1240,7.9
1241,7.9
1235,7.9
1238,7.9
1239,7.9
1232,7.9
1233,7.9
1234,7.9
1228,7.9
1231,7.9
1226,7.9
1227,7.9
1224,7.9
1225,7.9
1220,7.9
1221,7.9
1218,7.9
1219,7.9
1213,7.9
1214,7.9
1211,7.9
1212,7.9
1203,7.9
1204,7.9
1205,7.9
1206,7.9
1196,7.9
1197,7.9
1198,7.9
1200,7.9
1191,7.9
1192,7.9
1193,7.9
1199,7.9
1185,7.9
1186,8.2
1189,8.2
1190,8.2
1179,8.2
1182,8.2
1183,8.2
1184,8.2
1176,8.2
1177,8.2
1178,8.2
1170,8.2
1171,8.2
1172,8.2
1175,8.2
1169,8.2
1164,8.2
1165,8.2
1168,8.2
1161,8.2
1158,8.2
1162,8.2
1163,8.2
1155,8.5
1156,8.5
1157,8.5
1151,8.5
1154,8.5
1149,8.5
1150,8.5
1147,8.5
1148,8.5
1143,8.5
1144,8.5
1140,8.5
1141,8.5
1142,8.5
1136,8.5
1137,8.5
1134,8.5
1135,8.5
1130,8.5
1133,8.5
1128,8.5
1129,8.5
1123,8.5
1126,8.5
1127,8.5
1121,8.5
1122,8.5
1115,8.5
1116,8.5
1119,8.5
1120,8.5
1112,8.5
1113,8.5
1114,8.5
1109,8.5
1106,8.5
1107,8.5
1108,8.5
1100,8.5
1101,8.5
1102,8.5
1105,8.5
1093,8.5
1094,8.5
1095,8.5
1099,8.5
1086,8.5
1087,8.5
1088,8.5
1092,8.5
1085,8.5
1084,8.5
1081,8.5
1080,8.5
1077,8.5
1078,8.5
1079,8.5
1071,8.5
1072,8.5
1073,8.5
1074,8.5
1065,7.4
1066,7.4
1067,7.4
1070,7.4
1060,7.4
1063,7.4
1064,7.4
1057,7.4
1058,7.4
1059,7.4
1051,7.4
1052,7.4
1053,7.4
1056,7.4
1050,7.4
1045,7.4
1046,7.4
1049,7.4
1042,7.4
1043,7.4
1044,7.4
1037,7.4
1038,7.4
1039,7.4
1031,7.4
1032,7.4
1035,7.2
1036,7.2
1029,7.2
1030,7.2
1023,7.2
1024,7.2
1025,7.2
1028,7.2
1017,7.2
1018,7.2
1021,7.2
1022,7.2
1014,7.2
1015,7.2
1016,7.2
1010,7.2
1011,7.2
1008,7.2
1009,7.2
1001,7.2
1002,7.2
1007,7.2
1000,7.2
994,7.2
995,7.2
996,7.2
997,7.2
989,7.2
990,7.2
993,7.2
983,7.2
986,7.2
987,7.2
988,7.2
979,7.2
980,7.2
981,7.2
982,7.2
976,7.2
972,7.2
973,7.2
974,7.0
975,7.0
966,7.0
967,7.0
968,7.0
969,7.0
960,7.0
961,7.0
962,7.0
965,7.0
955,7.0
958,7.0
959,7.0
951,7.0
952,7.0
953,7.0
954,7.0
946,7.0
947,7.0
948,7.0
941,7.0
944,7.0
945,7.0
940,7.0
939,7.0
934,7.0
937,7.0
938,7.0
926,7.0
927,7.0
932,7.0
933,7.0
920,7.0
923,7.0
924,7.0
925,7.0
916,7.0
917,7.0
918,7.0
919,7.0
909,7.0
910,7.0
911,7.0
913,7.0
903,7.0
904,7.0
905,7.0
906,7.0
897,7.0
898,7.0
899,7.0
902,7.0
891,7.0
892,7.0
895,7.0
896,7.0
888,7.0
889,7.0
890,7.0
882,7.7
883,7.7
884,7.7
885,7.7
878,7.7
881,7.7
874,7.7
875,7.7
876,7.7
877,7.7
868,7.7
869,7.7
870,7.7
871,7.7
861,7.7
862,7.7
864,7.7
867,7.7
856,7.7
857,7.7
860,7.7
850,7.7
853,7.7
854,7.7
855,7.7
847,7.7
846,7.7
848,7.7
849,7.7
843,7.7
839,7.7
840,7.7
841,7.7
842,7.7
833,7.7
834,7.7
835,7.7
836,7.7
826,7.7
829,7.7
832,7.7
818,7.7
819,7.7
820,7.7
821,7.1
552,7.1
549,7.1
548,7.1
815,7.1
553,7.1
560,7.1
559,7.1
556,7.1
555,7.1
554,7.1
568,7.1
563,7.1
562,7.1
561,7.1
570,7.1
569,7.1
575,7.1
546,7.1
574,7.1
573,7.1
577,7.1
542,7.1
545,7.1
576,7.1
580,7.1
541,7.1
582,7.1
581,7.1
539,7.1
540,7.1
540,7.1
583,7.1
534,7.1
535,7.1
538,7.1
588,7.1
587,7.1
584,7.1
594,7.1
591,7.1
590,7.1
589,7.1
828,7.1
595,7.1
602,7.1
601,7.1
598,7.1
597,7.1
609,7.0
608,7.0
605,7.0
604,7.0
617,7.0
617,7.0
612,7.0
611,7.0
610,7.0
532,7.0
533,7.0
616,7.0
527,7.0
528,7.0
531,7.0
622,7.0
619,7.0
618,7.0
526,7.0
625,7.0
624,7.0
623,7.0
521,7.0
524,7.0
626,7.0
525,7.0
630,7.0
629,7.0
519,7.0
520,7.0
631,7.0
518,7.0
633,7.0
632,7.0
637,7.0
636,7.0
643,7.0
514,7.0
640,7.0
517,7.0
513,7.0
644,7.0
647,7.0
512,7.0
646,7.0
645,7.0
651,7.0
650,7.0
510,7.0
511,7.0
659,7.0
657,7.0
653,7.0
652,7.0
665,7.0
658,7.0
661,7.0
660,7.0
668,7.0
667,7.0
666,7.0
674,7.0
673,7.0
672,7.0
671,7.0
680,7.0
679,7.0
678,7.0
675,7.0
687,7.0
686,7.0
685,7.0
682,7.0
692,7.0
689,7.0
688,7.0
681,7.0
695,7.0
827,7.0
693,7.0
699,7.0
696,7.0
703,7.0
702,7.0
701,7.0
700,5.8
709,5.8
708,5.8
707,5.8
706,5.8
710,5.8
716,5.8
715,5.8
714,5.8
713,5.8
721,5.8
720,5.8
717,5.8
722,5.8
729,5.8
728,5.8
727,5.8
723,5.8
790,6.0
791,6.0
792,6.0
784,6.0
785,6.0
814,6.0
787,6.0
811,6.0
812,6.0
813,6.0
786,6.0
780,6.0
783,6.0
807,6.0
808,6.0
776,6.0
777,6.0
778,6.0
779,6.0
771,6.0
772,6.0
773,6.0
765,6.0
766,6.0
769,6.0
770,6.0
759,6.0
762,6.1
763,6.1
764,6.1
477,6.1
477,6.1
757,6.1
758,6.1
756,6.1
730,6.1
603,6.1
755,6.1
749,6.1
750,6.1
751,6.1
752,6.1
748,6.1
743,6.1
744,6.1
745,6.1
738,6.1
741,6.1
742,6.1
734,6.1
735,6.1
736,6.1
737,6.1
801,6.1
804,6.1
805,6.1
806,6.1
797,6.1
798,6.1
799,6.1
800,6.1
507,6.1
793,6.1
794,6.1
500,6.1
503,6.1
504,6.1
505,6.1
497,6.1
498,6.1
499,6.1
493,6.1
496,6.1
489,6.1
490,6.1
491,6.1
492,6.1
482,6.1
483,6.1
484,6.1
485,6.1
479,6.1
475,6.1
476,6.1
478,6.1
469,6.1
470,6.1
471,6.1
472,6.1
461,6.1
462,6.1
463,6.1
464,6.1
457,6.1
458,6.1
451,6.1
454,6.1
455,6.1
456,10.2
447,10.2
448,10.2
449,10.2
450,10.2
443,10.2
444,10.2
437,10.2
440,10.2
441,10.2
442,10.2
435,10.2
436,10.2
430,10.2
433,10.2
434,10.2
426,10.2
427,10.2
428,10.2
429,10.2
420,10.2
421,10.2
422,10.2
423,10.2
415,10.2
416,10.2
419,10.2
409,10.2
412,10.2
413,10.2
414,10.2
405,10.2
406,10.2
407,10.2
408,10.2
400,10.2
401,10.2
402,10.2
403,10.2
404,10.2
394,10.2
395,10.2
398,10.2
399,10.2
392,10.2
393,10.2
387,10.2
388,10.2
391,10.2
385,10.2
386,10.2
379,10.2
380,10.2
381,10.2
384,10.2
373,10.2
374,10.2
377,10.2
378,10.2
370,10.2
371,10.2
372,10.2
364,10.2
365,10.2
366,12.8
367,12.8
358,12.8
359,12.8
360,12.8
363,12.8
352,12.8
353,12.8
356,12.8
357,12.8
350,12.8
351,12.8
344,12.8
345,12.8
346,12.8
349,12.8
338,12.8
339,12.8
342,12.8
343,12.8
332,12.8
335,13.7
336,13.7
337,13.7
329,13.7
330,13.7
331,13.7
323,13.7
324,13.7
325,13.7
328,13.7
317,13.7
318,13.7
321,13.7
322,13.7
311,13.7
314,13.7
315,13.7
316,13.7
309,13.7
310,13.7
303,13.7
304,13.7
307,13.7
308,13.7
301,13.7
302,13.7
297,13.7
300,13.7
293,13.7
294,13.7
295,13.7
296,13.7
287,13.7
288,13.7
289,13.7
290,13.7
282,13.7
283,13.7
286,13.7
276,13.7
279,13.7
280,13.7
281,13.7
272,13.7
273,13.7
274,13.1
275,13.1
271,13.1
268,13.1
269,13.1
270,13.1
264,13.1
265,13.1
266,13.1
267,13.1
260,13.1
261,13.1
262,13.1
263,13.1
258,13.1
259,13.1
254,13.1
255,13.1
256,13.1
257,13.1
251,13.1
252,13.1
253,13.1
248,13.1
249,13.1
250,13.1
244,14.0
245,14.0
246,14.0
247,14.0
243,14.0
239,14.0
240,14.0
241,14.0
242,14.0
236,14.0
237,14.0
238,14.0
233,14.0
234,14.0
235,14.0
231,14.0
232,14.0
227,14.0
228,14.0
229,14.0
230,14.0
224,14.0
225,14.0
226,14.0
221,14.0
222,14.0
223,14.0
217,14.0
218,14.0
219,14.0
220,14.0
213,15.1
214,15.1
215,15.1
216,15.1
209,15.1
210,15.1
211,15.1
212,15.1
205,15.1
206,15.1
198,15.1
199,15.1
204,15.1
192,15.1
195,15.1
196,15.1
197,15.1
190,15.1
191,15.1
185,15.1
188,15.1
189,15.1
183,15.1
184,15.1
178,15.1
181,15.1
174,15.1
175,15.1
176,15.1
177,15.1
169,15.1
170,15.1
171,15.1
164,15.1
167,15.1
168,15.1
162,15.1
163,15.1
159,15.1
160,15.1
161,15.1
154,15.1
155,15.1
156,15.1
148,15.1
149,15.1
150,15.1
153,15.1
146,15.1
147,15.1
140,15.1
141,15.1
142,15.1
143,15.1
135,15.1
138,15.1
139,15.1
132,15.1
133,15.1
134,15.1
129,15.1
125,15.1
126,15.1
127,15.1
128,15.1
115,15.1
118,15.1
119,15.1
120,15.1
111,15.1
112,15.1
113,15.1
114,15.1
105,15.1
106,15.1
107,15.1
108,15.1
101,15.1
104,15.1
97,15.1
98,15.1
99,15.1
100,15.1
92,15.1
93,15.1
94,15.1
86,15.1
87,15.1
90,15.1
91,11.1
79,11.1
84,11.1
85,11.1
73,11.1
76,11.1
77,11.1
78,11.1
69,11.1
70,11.1
71,11.1
72,11.1
64,11.1
65,11.1
66,11.1
59,11.1
62,11.1
63,11.1
57,11.1
58,11.1
51,11.1
52,11.1
55,11.1
56,11.1
45,11.1
48,11.1
49,11.1
50,11.1
41,11.1
42,11.1
43,11.1
44,11.1
35,11.1
36,11.1
37,11.1
38,11.1
31,9.0
34,9.0
28,9.0
29,9.0
30,9.0
23,9.0
24,9.0
27,9.0
20,9.0
21,9.0
22,9.0
14,9.0
15,9.0
16,9.0
17,9.0
8,9.0
9,9.0
10,9.0
13,9.0
2,9.0
3,9.0
6,9.0
7,9.0
4294,9.0
4057,9.0
1312,9.0
694,9.0
664,9.0
615,9.0
596,9.0
136,9.0
157,9.0
5295,14.3
5234,11.9
5114,10.6
5022,8.8
4961,8.8
4930,8.9
4869,6.2
4749,2.3
4688,2.2
4657,2.2
4596,1.0
4565,0.9
4504,2.4
4443,2.2
4414,2.2
4383,2.2
4352,2.2
4291,2.4
4261,3.0
4199,2.9
4169,2.8
4138,2.6
4018,3.5
3987,3.5
3896,2.9
3926,3.6
3743,3.4
3773,3.3
3834,3.1
3653,3.1
3561,3.0
3408,3.5
3469,3.4
3288,3.1
3378,3.4
3196,2.7
3043,2.8
3104,2.7
2922,2.7
2830,3.1
2861,2.9
2677,3.0
2738,3.1
2769,3.0
2557,3.6
2588,2.8
2616,2.8
2465,4.3
2496,4.3
2312,4.5
2343,4.6
2373,4.5
2192,4.4
2223,4.6
2251,4.4
2100,4.8
2161,4.1
1978,5.8
2008,5.7
2070,5.0
1917,7.2
1947,6.1
1735,7.1
1796,7.4
1827,7.5
1643,7.3
1705,7.1
1552,7.5
1582,7.7
1461,8.8
1369,8.8
1216,8.3
1277,7.8
1096,7.9
1004,7.2
851,7.8
912,7.0
943,6.7
731,6.1
639,6.9
670,5.0
486,8.4
547,6.0
578,6.1
397,11.7
425,11.7
305,15.0
121,12.1
152,14.5
182,15.0
60,9.8
0,8.4
