date,CPI
5358,2.677278452749574
5357,2.677278452749574
5356,2.677278452749574
5355,2.677278452749574
5354,2.677278452749574
5351,2.677278452749574
5350,2.677278452749574
5349,2.677278452749574
5348,2.677278452749574
5347,2.677278452749574
5344,2.677278452749574
5343,2.677278452749574
5342,2.677278452749574
5341,2.677278452749574
5340,2.677278452749574
5337,2.677278452749574
5336,2.677278452749574
5335,2.677278452749574
5334,2.677278452749574
5333,2.677278452749574
5330,2.677278452749574
5329,2.677278452749574
5328,2.677278452749574
5327,2.677278452749574
5326,2.677278452749574
5323,2.677278452749574
5322,2.677278452749574
5321,2.677278452749574
5320,2.677278452749574
5319,2.677278452749574
5316,2.677278452749574
5315,2.677278452749574
5292,2.677278452749574
5314,2.677278452749574
5309,2.677278452749574
5308,2.677278452749574
5307,2.677278452749574
5306,2.677278452749574
5305,2.677278452749574
5302,2.677278452749574
5301,2.677278452749574
5300,2.677278452749574
5299,2.677278452749574
5298,2.677278452749574
5294,2.677278452749574
5293,2.677278452749574
5291,2.677278452749574
5288,2.677278452749574
5287,2.677278452749574
5286,2.677278452749574
5285,2.677278452749574
5284,2.677278452749574
5281,2.677278452749574
5280,2.677278452749574
5279,2.677278452749574
5278,2.677278452749574
5277,2.677278452749574
5274,2.677278452749574
5273,2.677278452749574
5272,2.677278452749574
5271,2.677278452749574
5270,2.677278452749574
5267,2.677278452749574
5266,2.677278452749574
5265,2.677278452749574
5264,2.677278452749574
5263,2.677278452749574
5260,2.677278452749574
5258,2.677278452749574
5257,2.677278452749574
5256,2.677278452749574
5253,2.677278452749574
5252,2.677278452749574
5251,2.677278452749574
5250,2.677278452749574
5249,2.677278452749574
5246,2.677278452749574
5245,2.677278452749574
5244,2.677278452749574
5243,2.677278452749574
5242,2.677278452749574
5239,2.677278452749574
5238,2.677278452749574
5237,2.677278452749574
5236,2.677278452749574
5232,2.677278452749574
5231,2.677278452749574
5230,2.677278452749574
5229,2.677278452749574
5228,2.677278452749574
5225,2.677278452749574
5224,2.677278452749574
5223,2.677278452749574
5222,2.677278452749574
5217,2.677278452749574
5216,2.677278452749574
5215,2.677278452749574
5214,2.677278452749574
5211,2.677278452749574
5210,2.677278452749574
5209,2.677278452749574
5208,2.677278452749574
5207,2.677278452749574
5204,2.3687949498527203
5203,2.3687949498527203
5202,2.3687949498527203
5201,2.3687949498527203
5200,2.3687949498527203
5197,2.3687949498527203
5196,2.3687949498527203
5195,2.3687949498527203
5194,2.3687949498527203
5193,2.3687949498527203
5190,2.3687949498527203
5189,2.3687949498527203
5188,2.3687949498527203
5187,2.3687949498527203
5186,2.3687949498527203
5183,2.3687949498527203
5182,2.3687949498527203
5181,2.3687949498527203
5180,2.3687949498527203
5179,2.3687949498527203
5176,2.3687949498527203
5175,2.3687949498527203
5174,2.3687949498527203
5173,2.413577608277853
5172,2.413577608277853
5169,2.413577608277853
5168,2.413577608277853
5167,2.413577608277853
5166,2.413577608277853
5165,2.413577608277853
5162,2.413577608277853
5161,2.413577608277853
5160,2.413577608277853
5159,2.413577608277853
5158,2.413577608277853
5155,2.413577608277853
5154,2.413577608277853
5153,2.413577608277853
5152,2.413577608277853
5151,2.413577608277853
5148,2.413577608277853
5147,2.413577608277853
5146,2.413577608277853
5145,2.477628569777873
5144,2.477628569777873
5141,2.477628569777873
5140,2.477628569777873
5139,2.477628569777873
5138,2.477628569777873
5137,2.477628569777873
5134,2.477628569777873
5133,2.477628569777873
5132,2.477628569777873
5131,2.477628569777873
5130,2.477628569777873
5127,2.477628569777873
5126,2.477628569777873
5125,2.477628569777873
5124,2.477628569777873
5123,2.477628569777873
5120,2.477628569777873
5119,2.477628569777873
5118,2.477628569777873
5113,2.477628569777873
5112,2.477628569777873
5111,2.477628569777873
5106,2.477628569777873
5105,2.477628569777873
5104,2.477628569777873
5103,2.477628569777873
5102,2.477628569777873
5099,2.477628569777873
5098,2.477628569777873
5097,2.477628569777873
5096,2.477628569777873
5095,2.477628569777873
5092,2.477628569777873
5091,2.477628569777873
5090,2.477628569777873
5089,2.477628569777873
5088,2.477628569777873
5085,2.477628569777873
5084,2.477628569777873
5083,2.261108563212242
5082,2.261108563212242
5081,2.261108563212242
5078,2.261108563212242
5077,2.261108563212242
5076,2.261108563212242
5075,2.261108563212242
5074,2.261108563212242
5071,2.261108563212242
5070,2.261108563212242
5069,2.261108563212242
5068,2.261108563212242
5067,2.261108563212242
5064,2.261108563212242
5063,2.261108563212242
5062,2.261108563212242
5061,2.261108563212242
5060,2.261108563212242
5057,2.261108563212242
5056,2.261108563212242
5055,2.261108563212242
5054,2.261108563212242
5053,2.2484900517559008
5050,2.2484900517559008
5049,2.2484900517559008
5048,2.2484900517559008
5047,2.2484900517559008
5046,2.2484900517559008
5043,2.2484900517559008
5042,2.2484900517559008
5041,2.2484900517559008
5040,2.2484900517559008
5039,2.2484900517559008
5036,2.2484900517559008
5035,2.2484900517559008
5034,2.2484900517559008
5033,2.2484900517559008
5032,2.2484900517559008
5029,2.2484900517559008
5028,2.2484900517559008
5027,2.2484900517559008
5026,2.2484900517559008
5025,2.2484900517559008
5020,2.2484900517559008
5019,2.2484900517559008
5018,2.2484900517559008
5015,2.2484900517559008
5014,2.2484900517559008
5013,2.2484900517559008
5012,2.2484900517559008
5011,2.2484900517559008
5008,2.2484900517559008
5007,2.2484900517559008
5006,2.2484900517559008
5005,2.2484900517559008
5004,2.2484900517559008
5001,2.2484900517559008
5000,2.2484900517559008
4999,2.2484900517559008
4998,2.2484900517559008
4997,2.2484900517559008
4994,2.2484900517559008
4993,2.2484900517559008
4992,2.2228250478792773
4991,2.2228250478792773
4990,2.2228250478792773
4987,2.2228250478792773
4986,2.2228250478792773
4985,2.2228250478792773
4984,2.2228250478792773
4983,2.2228250478792773
4980,2.2228250478792773
4979,2.2228250478792773
4978,2.2228250478792773
4977,2.2228250478792773
4976,2.2228250478792773
4973,2.2228250478792773
4972,2.2228250478792773
4971,2.2228250478792773
4970,2.2228250478792773
4969,2.2228250478792773
4966,2.2228250478792773
4965,2.2228250478792773
4964,2.2228250478792773
4963,2.2228250478792773
4962,2.2228250478792773
4959,2.2228250478792773
4958,2.2228250478792773
4957,2.2228250478792773
4956,2.2228250478792773
4955,2.2228250478792773
4952,2.2228250478792773
4951,2.2228250478792773
4950,2.2228250478792773
4945,2.2228250478792773
4944,2.2228250478792773
4943,2.2228250478792773
4942,2.2228250478792773
4941,2.2228250478792773
4938,2.2228250478792773
4937,2.2228250478792773
4936,2.2228250478792773
4935,2.2228250478792773
4934,2.2228250478792773
4931,2.2228250478792773
4929,2.2228250478792773
4928,2.2228250478792773
4927,2.2228250478792773
4924,2.2228250478792773
4923,2.2228250478792773
4922,2.2228250478792773
4921,2.2228250478792773
4920,2.2228250478792773
4917,2.2228250478792773
4916,2.2228250478792773
4915,2.2228250478792773
4914,2.2228250478792773
4913,2.2228250478792773
4910,2.2228250478792773
4909,2.2228250478792773
4908,2.2228250478792773
4907,2.2228250478792773
4906,2.2228250478792773
4903,2.2228250478792773
4902,2.2228250478792773
4901,2.2228250478792773
4900,2.196566935416871
4899,2.196566935416871
4896,2.196566935416871
4895,2.196566935416871
4894,2.196566935416871
4893,2.196566935416871
4892,2.196566935416871
4889,2.196566935416871
4888,2.196566935416871
4887,2.196566935416871
4886,2.196566935416871
4885,2.196566935416871
4882,2.196566935416871
4880,2.196566935416871
4879,2.196566935416871
4878,2.196566935416871
4875,2.196566935416871
4874,2.196566935416871
4873,2.196566935416871
4872,2.196566935416871
4868,2.196566935416871
4867,2.196566935416871
4866,2.196566935416871
4865,2.196566935416871
4864,2.196566935416871
4861,2.196566935416871
4860,2.196566935416871
4859,2.196566935416871
4858,2.196566935416871
4857,2.196566935416871
4854,2.196566935416871
4853,2.196566935416871
4852,2.196566935416871
4851,2.196566935416871
4850,2.196566935416871
4847,2.196566935416871
4846,2.196566935416871
4845,2.196566935416871
4844,2.196566935416871
4839,1.7844066237947076
4838,1.7844066237947076
4837,1.7844066237947076
4836,1.7844066237947076
4833,1.7844066237947076
4832,1.7844066237947076
4831,1.7844066237947076
4830,1.7844066237947076
4829,1.7844066237947076
4826,1.7844066237947076
4825,1.7844066237947076
4824,1.7844066237947076
4823,1.7844066237947076
4822,1.7844066237947076
4819,1.7844066237947076
4818,1.7844066237947076
4817,1.7844066237947076
4816,1.7844066237947076
4815,1.7844066237947076
4812,1.7844066237947076
4811,1.7844066237947076
4810,1.7844066237947076
4809,1.7844066237947076
4808,1.1910352974381961
4805,1.1910352974381961
4804,1.1910352974381961
4803,1.1910352974381961
4802,1.1910352974381961
4801,1.1910352974381961
4798,1.1910352974381961
4797,1.1910352974381961
4796,1.1910352974381961
4795,1.1910352974381961
4794,1.1910352974381961
4791,1.1910352974381961
4790,1.1910352974381961
4789,1.1910352974381961
4788,1.1910352974381961
4787,1.1910352974381961
4784,1.1910352974381961
4783,1.1910352974381961
4782,1.1910352974381961
4781,1.1910352974381961
4780,0.8912038700731201
4777,0.8912038700731201
4776,0.8912038700731201
4775,0.8912038700731201
4774,0.8912038700731201
4773,0.8912038700731201
4770,0.8912038700731201
4769,0.8912038700731201
4768,0.8912038700731201
4767,0.8912038700731201
4766,0.8912038700731201
4763,0.8912038700731201
4762,0.8912038700731201
4761,0.8912038700731201
4760,0.8912038700731201
4759,0.8912038700731201
4756,0.8912038700731201
4755,0.8912038700731201
4754,0.8912038700731201
4753,0.8912038700731201
4752,0.8912038700731201
4748,0.8912038700731201
4747,0.8912038700731201
4746,0.8912038700731201
4741,0.8912038700731201
4740,0.8912038700731201
4739,0.8912038700731201
4738,0.8912038700731201
4735,0.8912038700731201
4734,0.8912038700731201
4733,0.8912038700731201
4732,0.8912038700731201
4731,0.8912038700731201
4728,0.8912038700731201
4727,0.8912038700731201
4726,0.8912038700731201
4725,0.8912038700731201
4724,0.8912038700731201
4721,0.8912038700731201
4720,0.8912038700731201
4719,0.8912038700731201
4718,0.8012050527114494
4717,0.8012050527114494
4714,0.8012050527114494
4713,0.8012050527114494
4712,0.8012050527114494
4711,0.8012050527114494
4710,0.8012050527114494
4707,0.8012050527114494
4706,0.8012050527114494
4705,0.8012050527114494
4704,0.8012050527114494
4703,0.8012050527114494
4700,0.8012050527114494
4699,0.8012050527114494
4698,0.8012050527114494
4697,0.8012050527114494
4696,0.8012050527114494
4693,0.8012050527114494
4692,0.8012050527114494
4691,0.8012050527114494
4690,0.8012050527114494
4689,0.8012050527114494
4686,0.8012050527114494
4685,0.8012050527114494
4684,0.8012050527114494
4683,0.8012050527114494
4682,0.8012050527114494
4679,0.8012050527114494
4678,0.8012050527114494
4677,0.8012050527114494
4676,0.8012050527114494
4675,0.8012050527114494
4672,0.8012050527114494
4671,0.8012050527114494
4670,0.8012050527114494
4669,0.8012050527114494
4668,0.8012050527114494
4665,0.8012050527114494
4664,0.8012050527114494
4663,0.8012050527114494
4662,0.8012050527114494
4661,0.8012050527114494
4658,0.8012050527114494
4655,0.8012050527114494
4654,0.8012050527114494
4651,0.8012050527114494
4650,0.8012050527114494
4649,0.8012050527114494
4648,0.8012050527114494
4647,0.8012050527114494
4644,0.8012050527114494
4643,0.8012050527114494
4642,0.8012050527114494
4641,0.8012050527114494
4640,0.8012050527114494
4637,0.8012050527114494
4636,0.8012050527114494
4635,0.8012050527114494
4634,0.8012050527114494
4633,0.8012050527114494
4630,0.8012050527114494
4629,0.8012050527114494
4628,0.8012050527114494
4627,0.5948519615114201
4626,0.5948519615114201
4623,0.5948519615114201
4622,0.5948519615114201
4621,0.5948519615114201
4620,0.5948519615114201
4619,0.5948519615114201
4616,0.5948519615114201
4615,0.5948519615114201
4614,0.5948519615114201
4613,0.5948519615114201
4612,0.5948519615114201
4609,0.5948519615114201
4608,0.5948519615114201
4607,0.5948519615114201
4606,0.5948519615114201
4605,0.5948519615114201
4602,0.5948519615114201
4601,0.5948519615114201
4600,0.5948519615114201
4599,0.5948519615114201
4598,0.5948519615114201
4595,0.5948519615114201
4594,0.5948519615114201
4593,0.5948519615114201
4592,0.5948519615114201
4591,0.5948519615114201
4588,0.5948519615114201
4587,0.5948519615114201
4586,0.5948519615114201
4581,0.5948519615114201
4580,0.5948519615114201
4579,0.5948519615114201
4578,0.5948519615114201
4577,0.5948519615114201
4574,0.5948519615114201
4573,0.5948519615114201
4572,0.5948519615114201
4571,0.5948519615114201
4570,0.5948519615114201
4567,0.5948519615114201
4566,0.5948519615114201
4564,0.5948519615114201
4563,0.5948519615114201
4560,0.5948519615114201
4559,0.5948519615114201
4558,0.5948519615114201
4557,0.5948519615114201
4556,0.5948519615114201
4553,0.5948519615114201
4552,0.5948519615114201
4551,0.5948519615114201
4550,0.5948519615114201
4549,0.5948519615114201
4546,0.5948519615114201
4545,0.5948519615114201
4544,0.5948519615114201
4543,0.5948519615114201
4542,0.5948519615114201
4539,0.5948519615114201
4538,0.5948519615114201
4537,0.5948519615114201
4536,0.5948519615114201
4535,-0.10513562645314352
4532,-0.10513562645314352
4531,-0.10513562645314352
4530,-0.10513562645314352
4529,-0.10513562645314352
4528,-0.10513562645314352
4525,-0.10513562645314352
4523,-0.10513562645314352
4522,-0.10513562645314352
4521,-0.10513562645314352
4518,-0.10513562645314352
4518,-0.10513562645314352
4517,-0.10513562645314352
4516,-0.10513562645314352
4515,-0.10513562645314352
4514,-0.10513562645314352
4511,-0.10513562645314352
4510,-0.10513562645314352
4509,-0.10513562645314352
4508,-0.10513562645314352
4507,-0.10513562645314352
4503,-0.10513562645314352
4502,-0.10513562645314352
4501,-0.10513562645314352
4500,-0.10513562645314352
4497,-0.10513562645314352
4496,-0.10513562645314352
4495,-0.10513562645314352
4494,-0.10513562645314352
4493,-0.10513562645314352
4490,-0.10513562645314352
4489,-0.10513562645314352
4488,-0.10513562645314352
4487,-0.10513562645314352
4482,-0.10513562645314352
4481,-0.10513562645314352
4480,-0.10513562645314352
4479,-0.10513562645314352
4476,-0.10513562645314352
4475,-0.10513562645314352
4474,0.9335370722407011
4473,0.9335370722407011
4472,0.9335370722407011
4469,0.9335370722407011
4468,0.9335370722407011
4467,0.9335370722407011
4466,0.9335370722407011
4465,0.9335370722407011
4462,0.9335370722407011
4461,0.9335370722407011
4460,0.9335370722407011
4459,0.9335370722407011
4458,0.9335370722407011
4455,0.9335370722407011
4454,0.9335370722407011
4453,0.9335370722407011
4452,0.9335370722407011
4451,0.9335370722407011
4448,0.9335370722407011
4447,0.9335370722407011
4446,0.9335370722407011
4445,0.9335370722407011
4444,0.9335370722407011
4441,0.9335370722407011
4440,0.9335370722407011
4439,0.9335370722407011
4438,0.9335370722407011
4437,0.9335370722407011
4434,0.9335370722407011
4433,0.9335370722407011
4432,0.9335370722407011
4431,0.9335370722407011
4430,0.9335370722407011
4427,0.9335370722407011
4426,0.9335370722407011
4425,0.9335370722407011
4424,0.9335370722407011
4423,0.9335370722407011
4420,0.9335370722407011
4419,0.9335370722407011
4418,0.9335370722407011
4417,0.9335370722407011
4416,0.9335370722407011
4413,0.9335370722407011
4412,0.9335370722407011
4411,0.9335370722407011
4410,0.9335370722407011
4409,0.9335370722407011
4406,0.9335370722407011
4405,0.9335370722407011
4404,0.9335370722407011
4403,0.9335370722407011
4402,0.9335370722407011
4399,0.9335370722407011
4398,0.9335370722407011
4397,0.9335370722407011
4396,0.9335370722407011
4395,0.9335370722407011
4392,0.9335370722407011
4391,0.9335370722407011
4390,0.9335370722407011
4389,0.9335370722407011
4388,0.9335370722407011
4385,0.9335370722407011
4382,0.9335370722407011
4381,0.9335370722407011
4378,0.9335370722407011
4375,0.9335370722407011
4374,0.9335370722407011
4371,0.9335370722407011
4370,0.9335370722407011
4369,0.9335370722407011
4368,0.9335370722407011
4367,0.9335370722407011
4364,0.9335370722407011
4363,0.9335370722407011
4362,0.9335370722407011
4361,0.9335370722407011
4360,0.9335370722407011
4357,0.9335370722407011
4356,0.9335370722407011
4355,0.9335370722407011
4354,0.9335370722407011
4353,0.9335370722407011
4350,0.9335370722407011
4349,0.9335370722407011
4348,0.9335370722407011
4347,0.9335370722407011
4346,0.9335370722407011
4343,0.9335370722407011
4342,0.9335370722407011
4341,0.9335370722407011
4340,0.9335370722407011
4339,0.9335370722407011
4336,0.9335370722407011
4335,0.9335370722407011
4334,0.9335370722407011
4333,0.9335370722407011
4332,0.9335370722407011
4329,0.9335370722407011
4328,0.9335370722407011
4327,0.9335370722407011
4326,0.9335370722407011
4325,0.9335370722407011
4322,0.7532180159962711
4321,0.7532180159962711
4320,0.7532180159962711
4319,0.7532180159962711
4318,0.7532180159962711
4312,0.7532180159962711
4311,0.7532180159962711
4308,0.7532180159962711
4307,0.7532180159962711
4306,0.7532180159962711
4305,0.7532180159962711
4304,0.7532180159962711
4301,0.7532180159962711
4300,0.7532180159962711
4299,0.7532180159962711
4298,0.7532180159962711
4297,0.7532180159962711
4021,0.7532180159962711
4021,0.7532180159962711
4293,0.7532180159962711
4292,0.7532180159962711
4287,0.7532180159962711
4286,0.7532180159962711
4285,0.7532180159962711
4284,0.7532180159962711
4283,0.7532180159962711
4280,0.7532180159962711
4279,0.7532180159962711
4278,0.7532180159962711
4277,0.7532180159962711
4276,0.7532180159962711
4273,0.7532180159962711
4272,0.7532180159962711
4271,0.7532180159962711
4270,0.7532180159962711
4269,0.7532180159962711
4266,0.7532180159962711
4265,0.7532180159962711
4264,0.7532180159962711
4263,0.7532180159962711
4262,0.7532180159962711
4259,0.7532180159962711
4258,0.7532180159962711
4257,0.7532180159962711
4256,0.7532180159962711
4255,0.7532180159962711
4252,0.7532180159962711
4251,0.7532180159962711
4250,0.7532180159962711
4249,0.7532180159962711
4248,0.7532180159962711
4245,0.7532180159962711
4244,0.7532180159962711
4243,0.7532180159962711
4242,0.7532180159962711
4242,0.7532180159962711
4241,0.7532180159962711
4238,0.7532180159962711
4237,0.7532180159962711
4236,0.7532180159962711
4235,0.7532180159962711
4234,0.7532180159962711
4231,0.7532180159962711
4230,1.0880437749852265
4228,1.0880437749852265
4227,1.0880437749852265
4224,1.0880437749852265
4223,1.0880437749852265
4222,1.0880437749852265
4229,1.0880437749852265
4221,1.0880437749852265
4220,1.0880437749852265
4217,1.0880437749852265
4216,1.0880437749852265
4215,1.0880437749852265
4210,1.0880437749852265
4209,1.0880437749852265
4208,1.0880437749852265
4207,1.0880437749852265
4206,1.0880437749852265
4203,1.0880437749852265
4202,1.0880437749852265
4201,1.0880437749852265
4200,1.0880437749852265
4196,1.0880437749852265
4195,1.0880437749852265
4194,1.0880437749852265
4193,1.0880437749852265
4192,1.0880437749852265
4189,1.0880437749852265
4188,1.0880437749852265
4187,1.0880437749852265
4186,1.0880437749852265
4185,1.0880437749852265
4182,1.0880437749852265
4181,1.0880437749852265
4180,1.0880437749852265
4179,1.0880437749852265
4178,1.0880437749852265
4175,1.0880437749852265
4174,1.0880437749852265
4173,1.0880437749852265
4172,1.0880437749852265
4171,1.0880437749852265
4168,1.0880437749852265
4166,1.0880437749852265
4165,1.0880437749852265
4164,1.0880437749852265
4161,1.0880437749852265
4160,1.0880437749852265
4159,1.0880437749852265
4158,1.0880437749852265
4157,1.0880437749852265
4154,1.0880437749852265
4153,1.0880437749852265
4152,1.0880437749852265
4151,1.0880437749852265
4150,1.0880437749852265
4147,1.0880437749852265
4146,1.0880437749852265
4145,1.0880437749852265
4144,1.0880437749852265
4143,1.0880437749852265
4140,1.0880437749852265
4139,1.0880437749852265
4137,1.0880437749852265
4136,1.0880437749852265
4133,1.0880437749852265
4132,1.0880437749852265
4131,1.0880437749852265
4130,1.0880437749852265
4125,1.0880437749852265
4124,1.0880437749852265
4123,1.0880437749852265
4122,1.0880437749852265
4119,1.0880437749852265
4118,1.0880437749852265
4117,1.0880437749852265
4116,1.0880437749852265
4115,1.0880437749852265
4112,1.0880437749852265
4111,1.0880437749852265
4110,1.0880437749852265
4109,1.0880437749852265
4108,0.9335370722407011
4105,0.9335370722407011
4104,0.9335370722407011
4103,0.9335370722407011
4102,0.9335370722407011
4101,0.9335370722407011
4098,0.9335370722407011
4097,0.9335370722407011
4096,0.9335370722407011
4095,0.9335370722407011
4094,0.9335370722407011
4091,0.9335370722407011
4090,0.9335370722407011
4089,0.9335370722407011
4088,0.9335370722407011
4087,0.9335370722407011
4084,0.9335370722407011
4083,0.9335370722407011
4082,0.9335370722407011
4081,0.9335370722407011
4080,0.9335370722407011
4077,1.2233141923259214
4076,1.2233141923259214
4075,1.2233141923259214
4070,1.2233141923259214
4073,1.2233141923259214
4074,1.2233141923259214
4067,1.2233141923259214
4068,1.2233141923259214
4069,1.2233141923259214
4066,1.2233141923259214
4060,1.2233141923259214
4061,1.2233141923259214
4062,1.2233141923259214
4063,1.2233141923259214
4059,1.2233141923259214
4053,1.2233141923259214
4054,1.2233141923259214
4055,1.2233141923259214
4056,1.2233141923259214
4047,1.2233141923259214
4048,1.2233141923259214
4049,1.2233141923259214
4052,1.2233141923259214
4046,1.2233141923259214
4040,1.2233141923259214
4041,1.2233141923259214
4042,1.2233141923259214
4045,1.2233141923259214
4034,1.2233141923259214
4035,1.2233141923259214
4038,1.2233141923259214
4039,1.2233141923259214
4028,1.2233141923259214
4031,1.2233141923259214
4032,1.2233141923259214
4033,1.2233141923259214
4026,1.2233141923259214
4027,1.2233141923259214
4020,1.2233141923259214
4024,1.2233141923259214
4025,1.2233141923259214
4010,1.2233141923259214
4013,1.2233141923259214
4014,1.2233141923259214
4017,1.2233141923259214
4004,1.2233141923259214
4005,1.2233141923259214
4006,1.2233141923259214
4007,1.2233141923259214
3998,1.2233141923259214
3999,1.2233141923259214
4000,1.2233141923259214
4003,1.2233141923259214
3992,1.2233141923259214
3993,1.2233141923259214
3996,1.2233141923259214
3997,1.2233141923259214
3986,1.2233141923259214
3989,1.2233141923259214
3990,1.2233141923259214
3991,1.2233141923259214
3985,1.2233141923259214
3979,1.2233141923259214
3982,1.2233141923259214
3983,1.2233141923259214
3984,1.2233141923259214
3975,1.2233141923259214
3976,1.2233141923259214
3977,1.2233141923259214
3978,1.2233141923259214
3969,1.2233141923259214
3970,1.2233141923259214
3971,1.2233141923259214
3972,1.2233141923259214
3963,1.2233141923259214
3964,1.2233141923259214
3965,1.2233141923259214
3968,1.2233141923259214
3958,1.2233141923259214
3961,1.2233141923259214
3962,1.2233141923259214
3955,1.2233141923259214
3956,1.2233141923259214
3957,1.3718200525300432
3949,1.3718200525300432
3950,1.3718200525300432
3951,1.3718200525300432
3954,1.3718200525300432
3948,1.3718200525300432
3948,1.3718200525300432
3942,1.3718200525300432
3943,1.3718200525300432
3944,1.3718200525300432
3947,1.3718200525300432
3936,1.3718200525300432
3937,1.3718200525300432
3940,1.3718200525300432
3941,1.3718200525300432
3934,1.3718200525300432
3935,1.3718200525300432
3929,1.3718200525300432
3930,1.3718200525300432
3933,1.3718200525300432
3921,1.3718200525300432
3922,1.3718200525300432
3923,1.3718200525300432
3928,1.3718200525300432
3916,1.3718200525300432
3919,1.3718200525300432
3920,1.3718200525300432
3914,1.3718200525300432
3915,1.3718200525300432
3908,1.3718200525300432
3909,1.3718200525300432
3912,1.3718200525300432
3913,1.3718200525300432
3902,1.3718200525300432
3905,1.3718200525300432
3906,1.3718200525300432
3907,1.3718200525300432
3901,1.3718200525300432
3895,1.3718200525300432
3898,1.3718200525300432
3899,1.3718200525300432
3900,1.3718200525300432
3891,1.3718200525300432
3892,1.3718200525300432
3893,1.3718200525300432
3894,1.3718200525300432
3888,1.3718200525300432
3884,1.3718200525300432
3885,1.3718200525300432
3886,1.3718200525300432
3887,1.3718200525300432
3878,1.3718200525300432
3879,1.3718200525300432
3880,1.3718200525300432
3881,1.3718200525300432
3877,1.3718200525300432
3871,1.3718200525300432
3872,1.3718200525300432
3873,1.3718200525300432
3874,1.3718200525300432
3866,1.3718200525300432
3867,1.3718200525300432
3870,1.3718200525300432
3864,1.3718200525300432
3865,1.123466358842179
3858,1.123466358842179
3859,1.123466358842179
3860,1.123466358842179
3863,1.123466358842179
3852,1.123466358842179
3853,1.123466358842179
3856,1.123466358842179
3857,1.123466358842179
3844,1.123466358842179
3845,1.123466358842179
3846,1.123466358842179
3851,1.123466358842179
3843,1.123466358842179
3837,1.123466358842179
3838,1.123466358842179
3839,1.123466358842179
3842,1.123466358842179
3831,1.123466358842179
3832,1.123466358842179
3836,1.123466358842179
3825,1.123466358842179
3828,1.123466358842179
3829,1.123466358842179
3830,1.123466358842179
3821,1.123466358842179
3822,1.123466358842179
3823,1.123466358842179
3824,1.123466358842179
3815,1.123466358842179
3816,1.123466358842179
3817,1.123466358842179
3818,1.123466358842179
3809,1.123466358842179
3810,1.123466358842179
3811,1.123466358842179
3814,1.123466358842179
3803,1.123466358842179
3804,1.157773721508847
3807,1.157773721508847
3808,1.157773721508847
3802,1.157773721508847
3796,1.157773721508847
3797,1.157773721508847
3800,1.157773721508847
3801,1.157773721508847
3794,1.157773721508847
3795,1.157773721508847
3788,1.157773721508847
3789,1.157773721508847
3790,1.157773721508847
3793,1.157773721508847
3781,1.157773721508847
3783,1.157773721508847
3786,1.157773721508847
3787,1.157773721508847
3776,1.157773721508847
3779,1.157773721508847
3780,1.157773721508847
3774,1.157773721508847
3775,1.157773721508847
3769,1.157773721508847
3772,1.157773721508847
3768,1.157773721508847
3762,1.157773721508847
3765,1.157773721508847
3767,1.157773721508847
3766,1.157773721508847
3758,1.157773721508847
3759,1.157773721508847
3760,1.157773721508847
3761,1.157773721508847
3752,1.157773721508847
3753,1.157773721508847
3754,1.157773721508847
3755,1.157773721508847
3746,1.157773721508847
3747,1.157773721508847
3748,1.157773721508847
3751,1.157773721508847
3739,1.157773721508847
3740,1.157773721508847
3734,1.157773721508847
3737,1.157773721508847
3738,1.157773721508847
3731,1.157773721508847
3732,1.157773721508847
3733,1.157773721508847
3725,1.157773721508847
3726,1.157773721508847
3727,1.157773721508847
3730,1.157773721508847
3719,1.157773721508847
3720,1.157773721508847
3723,1.157773721508847
3724,1.157773721508847
3713,1.157773721508847
3716,1.157773721508847
3717,1.157773721508847
3718,1.157773721508847
3709,1.157773721508847
3710,1.157773721508847
3711,1.157773721508847
3712,1.0514293276813416
3703,1.0514293276813416
3704,1.0514293276813416
3705,1.0514293276813416
3706,1.0514293276813416
3698,1.0514293276813416
3699,1.0514293276813416
3702,1.0514293276813416
3692,1.0514293276813416
3695,1.0514293276813416
3696,1.0514293276813416
3697,1.0514293276813416
3688,1.0514293276813416
3689,1.0514293276813416
3690,1.0514293276813416
3691,1.0514293276813416
3682,1.0514293276813416
3683,1.0514293276813416
3684,1.1910352974381961
3685,1.1910352974381961
3677,1.1910352974381961
3678,1.1910352974381961
3681,1.1910352974381961
3671,1.1910352974381961
3674,1.1910352974381961
3675,1.1910352974381961
3676,1.1910352974381961
3667,1.1910352974381961
3668,1.1910352974381961
3669,1.1910352974381961
3669,1.1910352974381961
3670,1.1910352974381961
3661,1.1910352974381961
3662,1.1910352974381961
3663,1.1910352974381961
3664,1.1910352974381961
3655,1.1910352974381961
3656,1.1910352974381961
3657,1.1910352974381961
3660,1.1910352974381961
3643,1.1910352974381961
3648,1.1910352974381961
3649,1.1910352974381961
3650,1.1910352974381961
3639,1.1910352974381961
3640,1.1910352974381961
3641,1.1910352974381961
3642,1.1910352974381961
3635,1.1910352974381961
3636,1.1910352974381961
3632,1.1910352974381961
3633,1.1910352974381961
3634,1.1910352974381961
3627,1.1910352974381961
3628,1.1910352974381961
3629,1.1910352974381961
3622,1.1910352974381961
3625,1.1910352974381961
3626,1.1910352974381961
3620,1.1910352974381961
3621,1.1910352974381961
3619,1.1910352974381961
3615,1.1910352974381961
3618,1.1910352974381961
3613,1.1910352974381961
3614,1.1910352974381961
3608,1.1910352974381961
3611,1.1910352974381961
3612,1.1910352974381961
3605,1.1910352974381961
3606,1.1910352974381961
3607,1.1910352974381961
3600,1.1910352974381961
3601,1.1910352974381961
3604,1.1910352974381961
3598,1.1910352974381961
3599,1.1910352974381961
3594,1.1910352974381961
3597,1.1910352974381961
3591,1.1910352974381961
3592,1.0880437749852265
3593,1.0880437749852265
3587,1.0880437749852265
3590,1.0880437749852265
3585,1.0880437749852265
3586,1.0880437749852265
3583,1.0880437749852265
3584,1.0880437749852265
3578,1.0880437749852265
3579,1.0880437749852265
3580,1.0880437749852265
3576,1.0880437749852265
3577,1.0880437749852265
3571,1.0880437749852265
3572,1.0880437749852265
3573,1.0880437749852265
3566,1.0880437749852265
3569,1.0880437749852265
3570,1.0880437749852265
3563,1.0880437749852265
3564,1.0880437749852265
3565,1.0880437749852265
3557,1.0880437749852265
3558,1.0880437749852265
3559,1.0880437749852265
3552,1.0880437749852265
3555,1.0880437749852265
3556,1.0880437749852265
3548,1.0880437749852265
3549,1.0880437749852265
3550,1.0880437749852265
3551,1.0880437749852265
3544,1.0880437749852265
3545,1.0880437749852265
3538,1.0880437749852265
3541,1.0880437749852265
3542,1.0880437749852265
3543,1.0880437749852265
3534,1.0880437749852265
3535,1.0880437749852265
3536,1.0880437749852265
3537,1.0880437749852265
3528,1.0880437749852265
3529,1.0880437749852265
3530,1.0880437749852265
3531,1.1910352974381961
3522,1.1910352974381961
3523,1.1910352974381961
3524,1.1910352974381961
3527,1.1910352974381961
3516,1.1910352974381961
3517,1.1910352974381961
3520,1.1910352974381961
3521,1.1910352974381961
3513,1.1910352974381961
3514,1.1910352974381961
3515,1.1910352974381961
3508,1.1910352974381961
3509,1.1910352974381961
3510,1.1910352974381961
3502,1.1910352974381961
3503,1.1910352974381961
3506,1.1910352974381961
3507,1.1910352974381961
3496,1.1910352974381961
3499,1.1910352974381961
3500,1.254667931876713
3501,1.254667931876713
3494,1.254667931876713
3495,1.254667931876713
3493,1.254667931876713
3487,1.254667931876713
3488,1.254667931876713
3489,1.254667931876713
3492,1.254667931876713
3479,1.254667931876713
3480,1.254667931876713
3481,1.254667931876713
3482,1.254667931876713
3475,1.254667931876713
3478,1.254667931876713
3474,1.254667931876713
3467,1.254667931876713
3468,1.254667931876713
3472,1.254667931876713
3473,1.254667931876713
3465,1.254667931876713
3466,1.254667931876713
3460,1.254667931876713
3461,1.254667931876713
3464,1.254667931876713
3457,1.254667931876713
3458,1.254667931876713
3459,1.254667931876713
3453,1.254667931876713
3454,1.254667931876713
3447,1.254667931876713
3450,1.254667931876713
3451,1.254667931876713
3452,1.254667931876713
3443,1.254667931876713
3444,1.254667931876713
3445,1.254667931876713
3446,1.254667931876713
3437,1.254667931876713
3438,1.254667931876713
3439,1.285149102820362
3440,1.285149102820362
3433,1.285149102820362
3436,1.285149102820362
3425,1.285149102820362
3426,1.285149102820362
3429,1.285149102820362
3430,1.285149102820362
3431,1.285149102820362
3419,1.285149102820362
3422,1.285149102820362
3423,1.285149102820362
3424,1.285149102820362
3416,1.285149102820362
3417,1.285149102820362
3418,1.285149102820362
3412,1.285149102820362
3415,1.285149102820362
3409,1.285149102820362
3410,1.285149102820362
3411,1.285149102820362
3402,1.285149102820362
3403,1.285149102820362
3404,1.285149102820362
3405,1.285149102820362
3396,1.285149102820362
3397,1.285149102820362
3398,1.285149102820362
3401,1.285149102820362
3389,1.285149102820362
3390,1.285149102820362
3395,1.285149102820362
3384,1.285149102820362
3387,1.285149102820362
3388,1.285149102820362
3380,1.285149102820362
3381,1.285149102820362
3382,1.285149102820362
3383,1.285149102820362
3374,1.285149102820362
3375,1.285149102820362
3376,1.285149102820362
3377,1.285149102820362
3368,1.285149102820362
3369,1.285149102820362
3370,1.285149102820362
3373,1.285149102820362
3362,1.285149102820362
3363,1.285149102820362
3366,1.285149102820362
3367,1.285149102820362
3356,1.285149102820362
3359,1.285149102820362
3360,1.285149102820362
3361,1.285149102820362
3353,1.285149102820362
3354,1.285149102820362
3355,1.285149102820362
3349,1.285149102820362
3352,1.285149102820362
3346,1.285149102820362
3347,1.285149102820362
3348,1.285149102820362
3342,1.285149102820362
3345,1.285149102820362
3339,1.285149102820362
3340,1.285149102820362
3341,1.285149102820362
3335,1.285149102820362
3338,1.285149102820362
3332,1.285149102820362
3333,1.285149102820362
3334,1.285149102820362
3328,1.285149102820362
3331,1.285149102820362
3326,1.285149102820362
3327,1.285149102820362
3321,1.285149102820362
3324,1.285149102820362
3325,1.285149102820362
3319,1.254667931876713
3320,1.254667931876713
3317,1.254667931876713
3318,1.254667931876713
3312,1.254667931876713
3313,1.254667931876713
3314,1.254667931876713
3310,1.254667931876713
3311,1.254667931876713
3306,1.254667931876713
3307,1.254667931876713
3303,1.254667931876713
3304,1.254667931876713
3305,1.254667931876713
3298,1.254667931876713
3299,1.254667931876713
3300,1.254667931876713
3293,1.254667931876713
3296,1.254667931876713
3297,1.254667931876713
3286,1.254667931876713
3291,1.254667931876713
3292,1.254667931876713
3279,1.254667931876713
3284,1.254667931876713
3285,1.254667931876713
3277,1.254667931876713
3278,1.254667931876713
3272,1.254667931876713
3275,1.254667931876713
3276,1.254667931876713
3268,1.254667931876713
3269,1.254667931876713
3270,1.254667931876713
3271,1.254667931876713
3262,1.254667931876713
3263,1.254667931876713
3264,1.254667931876713
3265,1.254667931876713
3256,1.254667931876713
3257,1.123466358842179
3258,1.123466358842179
3261,1.123466358842179
3255,1.123466358842179
3249,1.123466358842179
3250,1.123466358842179
3251,1.123466358842179
3254,1.123466358842179
3243,1.123466358842179
3244,1.123466358842179
3247,1.123466358842179
3248,1.123466358842179
3237,1.123466358842179
3240,1.123466358842179
3241,1.123466358842179
3242,1.123466358842179
3233,1.123466358842179
3234,1.123466358842179
3235,1.123466358842179
3236,1.123466358842179
3227,1.0880437749852265
3228,1.0880437749852265
3229,1.0880437749852265
3230,1.0880437749852265
3221,1.0880437749852265
3222,1.0880437749852265
3223,1.0880437749852265
3226,1.0880437749852265
3215,1.0880437749852265
3216,1.0880437749852265
3219,1.0880437749852265
3220,1.0880437749852265
3212,1.0880437749852265
3213,1.0880437749852265
3214,1.0880437749852265
3207,1.0880437749852265
3208,1.0880437749852265
3209,1.0880437749852265
3206,1.0880437749852265
3200,1.0880437749852265
3201,1.0880437749852265
3202,1.0880437749852265
3205,1.0880437749852265
3192,1.0880437749852265
3193,1.0880437749852265
3198,1.0880437749852265
3199,1.0880437749852265
3186,1.0880437749852265
3187,1.0880437749852265
3188,1.0880437749852265
3191,1.0880437749852265
3180,1.0880437749852265
3181,1.0880437749852265
3184,1.0880437749852265
3185,1.0880437749852265
3178,1.0880437749852265
3179,1.0880437749852265
3172,1.0880437749852265
3173,1.0880437749852265
3174,1.0880437749852265
3177,1.0880437749852265
3166,1.0514293276813416
3167,1.0514293276813416
3170,1.0514293276813416
3171,1.0514293276813416
3160,1.0514293276813416
3163,1.0514293276813416
3164,1.0514293276813416
3165,1.0514293276813416
3156,1.0514293276813416
3157,1.0514293276813416
3158,1.0514293276813416
3159,1.0514293276813416
3150,1.0514293276813416
3151,1.0514293276813416
3152,1.0514293276813416
3153,1.0514293276813416
3144,1.0514293276813416
3145,1.0514293276813416
3146,1.0514293276813416
3149,1.0514293276813416
3143,1.0514293276813416
3137,1.0514293276813416
3138,1.0514293276813416
3139,1.0514293276813416
3142,1.0514293276813416
3131,1.0514293276813416
3132,1.0514293276813416
3135,0.9742758151762758
3136,0.9742758151762758
3125,0.9742758151762758
3128,0.9742758151762758
3129,0.9742758151762758
3130,0.9742758151762758
3117,0.9742758151762758
3118,0.9742758151762758
3123,0.9742758151762758
3124,0.9742758151762758
3115,0.9742758151762758
3116,0.9742758151762758
3109,0.9742758151762758
3110,0.9742758151762758
3111,0.9742758151762758
3114,0.9742758151762758
3102,0.9742758151762758
3103,0.9742758151762758
3107,0.9742758151762758
3108,0.9742758151762758
3097,0.9742758151762758
3100,0.9742758151762758
3101,0.9742758151762758
3093,0.9742758151762758
3094,0.9742758151762758
3095,0.9742758151762758
3096,0.9742758151762758
3087,0.9742758151762758
3088,0.9742758151762758
3089,0.9742758151762758
3090,0.9742758151762758
3081,0.9742758151762758
3082,0.9742758151762758
3083,0.9742758151762758
3086,0.9742758151762758
3076,0.9742758151762758
3079,0.9742758151762758
3080,0.9742758151762758
3072,0.9742758151762758
3073,0.9742758151762758
3074,1.013538129311519
3075,1.013538129311519
3066,1.013538129311519
3067,1.013538129311519
3068,1.013538129311519
3069,1.013538129311519
3062,1.013538129311519
3065,1.013538129311519
3059,1.013538129311519
3060,1.013538129311519
3061,1.013538129311519
3053,1.013538129311519
3054,1.013538129311519
3055,1.013538129311519
3058,1.013538129311519
3046,1.013538129311519
3048,1.013538129311519
3051,1.013538129311519
3052,1.013538129311519
3039,1.013538129311519
3040,1.013538129311519
3041,1.013538129311519
3045,1.013538129311519
3033,1.013538129311519
3034,1.013538129311519
3037,1.013538129311519
3038,1.013538129311519
3027,1.013538129311519
3030,1.013538129311519
3031,1.013538129311519
3032,1.013538129311519
3025,1.013538129311519
3026,1.013538129311519
3019,1.013538129311519
3020,1.013538129311519
3023,1.013538129311519
3024,1.013538129311519
3013,1.0514293276813416
3016,1.0514293276813416
3017,1.0514293276813416
3018,1.0514293276813416
3005,1.0514293276813416
3010,1.0514293276813416
3011,1.0514293276813416
3012,1.0514293276813416
3004,1.0514293276813416
2999,1.0514293276813416
3002,1.0514293276813416
3003,1.0514293276813416
2996,1.0514293276813416
2997,1.0514293276813416
2998,1.0514293276813416
2990,1.0514293276813416
2991,1.0514293276813416
2992,1.0514293276813416
2995,1.0514293276813416
2984,1.0514293276813416
2985,1.0514293276813416
2988,1.0514293276813416
2989,1.0514293276813416
2978,1.0514293276813416
2981,1.0514293276813416
2982,1.123466358842179
2983,1.123466358842179
2974,1.123466358842179
2975,1.123466358842179
2976,1.123466358842179
2977,1.123466358842179
2969,1.123466358842179
2970,1.123466358842179
2971,1.123466358842179
2963,1.123466358842179
2964,1.123466358842179
2967,1.123466358842179
2968,1.123466358842179
2961,1.123466358842179
2962,1.123466358842179
2955,1.123466358842179
2956,1.123466358842179
2957,1.123466358842179
2960,1.123466358842179
2949,1.123466358842179
2950,1.123466358842179
2953,1.123466358842179
2954,1.123466358842179
2948,1.123466358842179
2942,1.123466358842179
2943,1.123466358842179
2946,1.123466358842179
2947,1.123466358842179
2936,1.123466358842179
2939,1.123466358842179
2940,1.123466358842179
2941,1.123466358842179
2935,1.123466358842179
2929,1.123466358842179
2932,1.123466358842179
2933,1.123466358842179
2934,1.123466358842179
2925,1.123466358842179
2926,1.123466358842179
2927,1.123466358842179
2928,1.123466358842179
2914,1.123466358842179
2919,1.123466358842179
2920,1.123466358842179
2921,1.123466358842179
2908,1.123466358842179
2911,1.123466358842179
2912,1.123466358842179
2913,1.123466358842179
2905,1.123466358842179
2906,1.123466358842179
2907,1.123466358842179
2899,1.123466358842179
2900,1.123466358842179
2901,1.123466358842179
2904,1.123466358842179
2897,1.123466358842179
2898,1.123466358842179
2892,1.123466358842179
2893,1.123466358842179
2894,1.123466358842179
2886,1.123466358842179
2887,1.123466358842179
2890,1.123466358842179
2891,1.157773721508847
2885,1.157773721508847
2879,1.157773721508847
2880,1.157773721508847
2883,1.157773721508847
2884,1.157773721508847
2873,1.157773721508847
2876,1.157773721508847
2877,1.157773721508847
2878,1.157773721508847
2869,1.157773721508847
2870,1.157773721508847
2872,1.157773721508847
2871,1.157773721508847
2863,1.157773721508847
2864,1.157773721508847
2865,1.157773721508847
2866,1.157773721508847
2857,1.157773721508847
2858,1.157773721508847
2859,1.157773721508847
2862,1.157773721508847
2851,1.157773721508847
2852,1.157773721508847
2855,1.157773721508847
2856,1.157773721508847
2848,1.157773721508847
2849,1.157773721508847
2850,1.157773721508847
2842,1.157773721508847
2843,1.157773721508847
2844,1.157773721508847
2845,1.157773721508847
2836,1.157773721508847
2837,1.157773721508847
2838,1.157773721508847
2841,1.157773721508847
2828,1.157773721508847
2831,1.157773721508847
2834,1.157773721508847
2835,1.157773721508847
2823,1.157773721508847
2824,1.157773721508847
2827,1.157773721508847
2817,1.157773721508847
2820,1.157773721508847
2821,1.157773721508847
2822,1.157773721508847
2815,1.157773721508847
2816,1.157773721508847
2809,1.157773721508847
2810,1.157773721508847
2813,1.157773721508847
2814,1.157773721508847
2803,1.157773721508847
2806,1.157773721508847
2807,1.157773721508847
2808,1.157773721508847
2799,1.157773721508847
2800,1.0880437749852265
2801,1.0880437749852265
2802,1.0880437749852265
2793,1.0880437749852265
2794,1.0880437749852265
2795,1.0880437749852265
2796,1.0880437749852265
2787,1.0880437749852265
2788,1.0880437749852265
2789,1.0880437749852265
2792,1.0880437749852265
2781,1.0880437749852265
2782,1.0880437749852265
2785,1.0880437749852265
2786,1.0880437749852265
2779,1.0880437749852265
2780,1.0880437749852265
2773,1.0880437749852265
2774,1.0880437749852265
2775,1.0880437749852265
2778,1.0880437749852265
2768,1.0880437749852265
2771,1.0880437749852265
2772,1.0880437749852265
2764,1.0880437749852265
2765,1.0880437749852265
2766,1.0880437749852265
2767,1.0880437749852265
2754,1.0880437749852265
2759,1.0880437749852265
2760,1.0880437749852265
2761,1.0880437749852265
2751,1.0880437749852265
2752,1.0880437749852265
2753,1.0880437749852265
2746,1.0880437749852265
2747,1.0880437749852265
2750,1.0880437749852265
2744,1.0880437749852265
2745,1.0880437749852265
2740,1.0880437749852265
2743,1.0880437749852265
2737,1.0880437749852265
2739,1.0880437749852265
2731,1.0880437749852265
2732,1.0880437749852265
2733,1.0880437749852265
2736,1.0880437749852265
2725,1.0880437749852265
2726,1.0880437749852265
2729,1.0880437749852265
2730,1.0880437749852265
2719,1.0880437749852265
2722,1.0880437749852265
2723,1.0880437749852265
2724,1.0880437749852265
2717,1.0880437749852265
2718,1.0880437749852265
2711,1.0880437749852265
2712,1.0880437749852265
2715,1.0880437749852265
2716,1.0880437749852265
2708,1.157773721508847
2709,1.157773721508847
2710,1.157773721508847
2702,1.157773721508847
2703,1.157773721508847
2704,1.157773721508847
2705,1.157773721508847
2696,1.157773721508847
2697,1.157773721508847
2698,1.157773721508847
2701,1.157773721508847
2691,1.157773721508847
2694,1.157773721508847
2695,1.157773721508847
2687,1.157773721508847
2688,1.157773721508847
2689,1.157773721508847
2683,1.157773721508847
2684,1.157773721508847
2681,1.157773721508847
2682,1.157773721508847
2675,1.157773721508847
2676,1.157773721508847
2680,1.157773721508847
2670,1.157773721508847
2673,1.157773721508847
2674,1.157773721508847
2666,1.157773721508847
2667,1.157773721508847
2668,1.157773721508847
2669,1.157773721508847
2660,1.157773721508847
2661,1.157773721508847
2662,1.157773721508847
2663,1.157773721508847
2656,1.157773721508847
2659,1.157773721508847
2648,1.157773721508847
2653,1.157773721508847
2654,1.157773721508847
2655,1.157773721508847
2645,1.157773721508847
2646,1.157773721508847
2647,1.157773721508847
2639,1.157773721508847
2640,1.157773721508847
2641,1.157773721508847
2642,1.157773721508847
2633,1.157773721508847
2634,1.157773721508847
2635,1.157773721508847
2638,1.157773721508847
2631,1.157773721508847
2632,1.157773721508847
2626,1.157773721508847
2627,1.157773721508847
2628,1.157773721508847
2621,1.157773721508847
2624,1.157773721508847
2625,1.157773721508847
2619,1.157773721508847
2620,1.157773721508847
2614,1.157773721508847
2617,1.157773721508847
2618,1.157773721508847
2612,1.157773721508847
2613,1.157773721508847
2610,1.157773721508847
2611,1.157773721508847
2605,1.157773721508847
2606,1.157773721508847
2607,1.157773721508847
2599,1.157773721508847
2600,1.157773721508847
2603,1.157773721508847
2604,1.157773721508847
2593,1.157773721508847
2596,1.157773721508847
2597,1.157773721508847
2598,1.157773721508847
2592,1.157773721508847
2586,1.157773721508847
2589,1.157773721508847
2590,1.157773721508847
2591,1.157773721508847
2582,1.157773721508847
2583,1.157773721508847
2584,1.157773721508847
2585,1.157773721508847
2576,1.157773721508847
2577,1.157773721508847
2578,1.157773721508847
2579,1.157773721508847
2572,1.157773721508847
2575,1.157773721508847
2568,1.157773721508847
2569,1.157773721508847
2570,1.157773721508847
2571,1.157773721508847
2562,1.157773721508847
2563,1.157773721508847
2564,1.157773721508847
2565,1.157773721508847
2554,1.157773721508847
2555,1.157773721508847
2556,1.157773721508847
2561,1.157773721508847
2547,1.157773721508847
2548,1.157773721508847
2549,1.157773721508847
2541,1.157773721508847
2542,1.157773721508847
2543,1.157773721508847
2544,1.157773721508847
2535,1.157773721508847
2536,1.157773721508847
2537,1.157773721508847
2540,1.157773721508847
2529,1.157773721508847
2530,1.157773721508847
2534,1.157773721508847
2533,1.157773721508847
2527,1.157773721508847
2528,1.157773721508847
2521,1.157773721508847
2522,1.157773721508847
2523,1.157773721508847
2526,1.3718200525300432
2515,1.3718200525300432
2516,1.3718200525300432
2519,1.3718200525300432
2520,1.3718200525300432
2509,1.3718200525300432
2512,1.3718200525300432
2513,1.3718200525300432
2514,1.3718200525300432
2505,1.3718200525300432
2506,1.3718200525300432
2507,1.3718200525300432
2508,1.3718200525300432
2499,1.3718200525300432
2500,1.3718200525300432
2501,1.3718200525300432
2502,1.3718200525300432
2494,1.3718200525300432
2495,1.3718200525300432
2498,1.3718200525300432
2487,1.3718200525300432
2491,1.3718200525300432
2492,1.3718200525300432
2493,1.3718200525300432
2481,1.3718200525300432
2484,1.3718200525300432
2485,1.3718200525300432
2486,1.3718200525300432
2480,1.3718200525300432
2474,1.3718200525300432
2477,1.3718200525300432
2478,1.3718200525300432
2479,1.3718200525300432
2470,1.3718200525300432
2471,1.3718200525300432
2472,1.3718200525300432
2473,1.3718200525300432
2463,1.3718200525300432
2466,1.3718200525300432
2467,1.3718200525300432
2460,1.3718200525300432
2456,1.3718200525300432
2457,1.3718200525300432
2458,1.3718200525300432
2459,1.3718200525300432
2450,1.3718200525300432
2451,1.3718200525300432
2452,1.3718200525300432
2453,1.3718200525300432
2445,1.3718200525300432
2446,1.3718200525300432
2449,1.3718200525300432
2444,1.3718200525300432
2443,1.3718200525300432
2437,1.3718200525300432
2438,1.3718200525300432
2439,1.3718200525300432
2442,1.3718200525300432
2431,1.3718200525300432
2432,1.3718200525300432
2435,1.550921148290795
2436,1.550921148290795
2425,1.550921148290795
2428,1.550921148290795
2429,1.550921148290795
2430,1.550921148290795
2422,1.550921148290795
2423,1.550921148290795
2424,1.550921148290795
2418,1.550921148290795
2421,1.550921148290795
2414,1.550921148290795
2415,1.550921148290795
2416,1.550921148290795
2417,1.550921148290795
2408,1.550921148290795
2409,1.550921148290795
2410,1.550921148290795
2411,1.550921148290795
2402,1.550921148290795
2403,1.550921148290795
2404,1.5742935870347767
2407,1.5742935870347767
2396,1.5742935870347767
2397,1.5742935870347767
2400,1.5742935870347767
2401,1.5742935870347767
2388,1.5742935870347767
2389,1.5742935870347767
2390,1.5742935870347767
2395,1.5742935870347767
2382,1.5742935870347767
2383,1.5742935870347767
2386,1.5742935870347767
2387,1.5742935870347767
2376,1.5742935870347767
2379,1.5742935870347767
2380,1.5742935870347767
2381,1.5742935870347767
2369,1.5742935870347767
2372,1.5742935870347767
2374,1.5742935870347767
2375,1.5742935870347767
2365,1.5742935870347767
2366,1.5742935870347767
2367,1.5742935870347767
2368,1.5742935870347767
2359,1.5742935870347767
2360,1.5742935870347767
2361,1.5742935870347767
2362,1.5742935870347767
2353,1.5742935870347767
2354,1.5742935870347767
2355,1.5742935870347767
2358,1.5742935870347767
2347,1.5742935870347767
2348,1.5742935870347767
2351,1.5742935870347767
2352,1.5742935870347767
2341,1.5742935870347767
2344,1.5742935870347767
2345,1.5742935870347767
2346,1.5742935870347767
2334,1.5742935870347767
2337,1.5742935870347767
2338,1.5742935870347767
2339,1.5742935870347767
2333,1.5742935870347767
2330,1.5742935870347767
2331,1.5742935870347767
2332,1.5742935870347767
2324,1.5742935870347767
2325,1.5742935870347767
2326,1.5742935870347767
2327,1.5742935870347767
2318,1.5742935870347767
2319,1.5742935870347767
2320,1.5742935870347767
2323,1.5742935870347767
2311,1.5742935870347767
2313,1.5742935870347767
2316,1.5742935870347767
2317,1.5742935870347767
2305,1.5742935870347767
2306,1.5742935870347767
2309,1.5742935870347767
2310,1.5742935870347767
2297,1.5742935870347767
2298,1.5742935870347767
2303,1.5742935870347767
2304,1.5742935870347767
2295,1.5742935870347767
2296,1.5742935870347767
2291,1.5742935870347767
2292,1.5742935870347767
2288,1.5742935870347767
2289,1.5742935870347767
2290,1.5742935870347767
2284,1.5742935870347767
2285,1.5742935870347767
2278,1.5742935870347767
2281,1.5742935870347767
2282,1.550921148290795
2283,1.550921148290795
2275,1.550921148290795
2276,1.550921148290795
2277,1.550921148290795
2269,1.550921148290795
2270,1.550921148290795
2271,1.550921148290795
2274,1.550921148290795
2263,1.550921148290795
2264,1.550921148290795
2267,1.550921148290795
2268,1.550921148290795
2257,1.550921148290795
2260,1.550921148290795
2261,1.550921148290795
2262,1.550921148290795
2253,1.550921148290795
2254,1.550921148290795
2255,1.550921148290795
2256,1.550921148290795
2247,1.550921148290795
2248,1.550921148290795
2249,1.550921148290795
2250,1.550921148290795
2241,1.550921148290795
2242,1.550921148290795
2243,1.550921148290795
2246,1.550921148290795
2235,1.550921148290795
2236,1.550921148290795
2239,1.550921148290795
2240,1.550921148290795
2232,1.550921148290795
2233,1.550921148290795
2234,1.550921148290795
2226,1.550921148290795
2227,1.550921148290795
2228,1.550921148290795
2229,1.550921148290795
2221,1.550921148290795
2222,1.550921148290795
2225,1.550921148290795
2219,1.550921148290795
2220,1.550921148290795
2213,1.550921148290795
2214,1.550921148290795
2215,1.550921148290795
2218,1.550921148290795
2207,1.550921148290795
2208,1.550921148290795
2211,1.550921148290795
2212,1.550921148290795
2201,1.550921148290795
2204,1.550921148290795
2205,1.550921148290795
2206,1.550921148290795
2197,1.550921148290795
2198,1.550921148290795
2199,1.550921148290795
2200,1.550921148290795
2191,1.550921148290795
2194,1.550921148290795
2183,1.550921148290795
2184,1.550921148290795
2187,1.550921148290795
2190,1.550921148290795
2176,1.550921148290795
2178,1.550921148290795
2179,1.550921148290795
2180,1.550921148290795
2172,1.550921148290795
2173,1.550921148290795
2177,1.550921148290795
2166,1.550921148290795
2169,1.550921148290795
2170,1.550921148290795
2171,1.550921148290795
2162,1.550921148290795
2163,1.550921148290795
2164,1.550921148290795
2165,1.550921148290795
2156,1.550921148290795
2157,1.550921148290795
2158,1.550921148290795
2159,1.550921148290795
2150,1.550921148290795
2151,1.550921148290795
2152,1.550921148290795
2155,1.550921148290795
2145,1.550921148290795
2148,1.550921148290795
2149,1.550921148290795
2141,1.550921148290795
2142,1.550921148290795
2143,1.550921148290795
2144,1.550921148290795
2135,1.550921148290795
2136,1.550921148290795
2137,1.550921148290795
2138,1.550921148290795
2130,1.550921148290795
2131,1.4521592705932218
2134,1.4521592705932218
2127,1.4521592705932218
2128,1.4521592705932218
2129,1.4521592705932218
2121,1.4521592705932218
2122,1.4521592705932218
2123,1.4521592705932218
2124,1.4521592705932218
2115,1.4521592705932218
2116,1.4521592705932218
2117,1.4521592705932218
2120,1.4521592705932218
2109,1.4521592705932218
2110,1.4521592705932218
2113,1.4521592705932218
2114,1.4521592705932218
2106,1.4521592705932218
2107,1.4521592705932218
2108,1.4521592705932218
2096,1.4521592705932218
2101,1.4521592705932218
2102,1.4521592705932218
2103,1.4521592705932218
2093,1.4521592705932218
2094,1.4521592705932218
2095,1.4521592705932218
2092,1.4521592705932218
2087,1.4521592705932218
2088,1.4521592705932218
2089,1.4521592705932218
2082,1.4521592705932218
2085,1.4521592705932218
2086,1.4521592705932218
2080,1.4521592705932218
2081,1.4521592705932218
2078,1.4521592705932218
2079,1.4521592705932218
2072,1.4521592705932218
2073,1.4521592705932218
2074,1.4521592705932218
2075,1.4521592705932218
2066,1.4521592705932218
2067,1.4521592705932218
2068,1.4521592705932218
2071,1.4521592705932218
2060,1.4521592705932218
2061,1.4521592705932218
2064,1.4521592705932218
2065,1.4521592705932218
2054,1.4521592705932218
2057,1.4521592705932218
2058,1.4521592705932218
2059,1.4521592705932218
2051,1.4521592705932218
2052,1.4521592705932218
2053,1.4521592705932218
2046,1.4521592705932218
2047,1.4521592705932218
2050,1.4521592705932218
2040,1.4521592705932218
2043,1.4521592705932218
2044,1.4521592705932218
2045,1.4521592705932218
2036,1.4521592705932218
2037,1.4521592705932218
2038,1.4521592705932218
2039,1.7844066237947076
2030,1.7844066237947076
2031,1.7844066237947076
2032,1.7844066237947076
2033,1.7844066237947076
2024,1.7844066237947076
2025,1.7844066237947076
2026,1.7844066237947076
2029,1.7844066237947076
2016,1.7844066237947076
2017,1.7844066237947076
2018,1.7844066237947076
2019,1.7844066237947076
2010,1.7844066237947076
2011,1.7844066237947076
2012,1.7844066237947076
2015,1.7844066237947076
2004,1.7844066237947076
2005,1.7844066237947076
2009,1.7844066237947076
1997,1.7844066237947076
2001,1.7844066237947076
2002,1.7844066237947076
2003,1.7844066237947076
1996,1.7844066237947076
1998,1.7844066237947076
1991,1.7844066237947076
1994,1.7844066237947076
1995,1.7844066237947076
1987,1.7844066237947076
1988,1.7844066237947076
1989,1.7844066237947076
1990,1.7844066237947076
1981,1.7844066237947076
1982,1.7844066237947076
1983,1.7844066237947076
1984,1.7844066237947076
1975,1.7844066237947076
1976,1.7844066237947076
1977,1.7844066237947076
1980,1.7844066237947076
1969,1.7844066237947076
1970,1.7844066237947076
1973,1.7844066237947076
1974,1.7844066237947076
1963,1.7844066237947076
1966,1.7844066237947076
1967,1.7844066237947076
1968,1.7844066237947076
1960,1.7844066237947076
1961,1.7844066237947076
1962,1.7844066237947076
1953,1.7844066237947076
1954,1.7844066237947076
1956,1.7844066237947076
1959,1.7844066237947076
1948,1.7844066237947076
1949,1.7844066237947076
1952,1.7844066237947076
1942,1.7844066237947076
1945,1.7844066237947076
1946,1.7844066237947076
1940,1.7844066237947076
1941,1.7844066237947076
1934,1.7844066237947076
1935,1.7844066237947076
1938,1.7844066237947076
1939,1.7844066237947076
1928,1.7844066237947076
1931,1.7844066237947076
1932,1.7844066237947076
1933,1.7844066237947076
1924,1.7844066237947076
1925,1.7844066237947076
1926,1.7844066237947076
1927,1.7844066237947076
1918,1.7844066237947076
1919,1.7844066237947076
1920,1.7844066237947076
1921,1.7844066237947076
1910,1.7844066237947076
1911,1.7844066237947076
1912,1.7844066237947076
1913,1.7844066237947076
1905,1.7844066237947076
1906,1.7844066237947076
1907,1.7844066237947076
1904,1.7844066237947076
1898,1.7844066237947076
1899,1.7844066237947076
1900,1.7844066237947076
1903,1.7844066237947076
1892,1.7844066237947076
1893,1.7844066237947076
1896,1.7844066237947076
1897,1.7844066237947076
1886,2.1139361319590866
1889,2.1139361319590866
1890,2.1139361319590866
1891,2.1139361319590866
1884,2.1139361319590866
1885,2.1139361319590866
1878,2.1139361319590866
1879,2.1139361319590866
1882,2.1139361319590866
1883,2.1139361319590866
1872,2.1139361319590866
1875,2.1139361319590866
1876,2.1139361319590866
1877,2.1139361319590866
1869,2.1139361319590866
1870,2.1139361319590866
1871,2.1139361319590866
1863,2.1139361319590866
1864,2.1139361319590866
1868,2.1139361319590866
1865,2.1139361319590866
1858,2.099558678969194
1861,2.099558678969194
1862,2.099558678969194
1855,2.099558678969194
1856,2.099558678969194
1857,2.099558678969194
1849,2.099558678969194
1850,2.099558678969194
1851,2.099558678969194
1854,2.099558678969194
1844,2.099558678969194
1847,2.099558678969194
1848,2.099558678969194
1840,2.099558678969194
1841,2.099558678969194
1842,2.099558678969194
1843,2.099558678969194
1834,2.099558678969194
1835,2.099558678969194
1836,2.099558678969194
1837,2.099558678969194
1826,2.099558678969194
1833,2.099558678969194
1829,2.099558678969194
1830,2.099558678969194
1816,2.099558678969194
1819,2.099558678969194
1822,2.099558678969194
1823,2.099558678969194
1812,2.099558678969194
1813,2.099558678969194
1814,2.099558678969194
1815,2.099558678969194
1806,2.099558678969194
1807,2.099558678969194
1808,2.099558678969194
1809,2.099558678969194
1805,2.099558678969194
1799,2.099558678969194
1800,2.099558678969194
1801,2.099558678969194
1802,2.099558678969194
1793,2.099558678969194
1794,2.099558678969194
1795,2.099558678969194
1798,2.099558678969194
1787,2.099558678969194
1788,2.099558678969194
1791,2.099558678969194
1792,2.099558678969194
1781,2.099558678969194
1784,2.099558678969194
1785,2.099558678969194
1786,2.099558678969194
1778,2.099558678969194
1779,2.099558678969194
1780,2.099558678969194
1773,2.099558678969194
1774,2.099558678969194
1777,2.099558678969194
1770,2.099558678969194
1771,2.099558678969194
1772,2.099558678969194
1764,2.099558678969194
1765,2.099558678969194
1766,2.0849961152706675
1767,2.0849961152706675
1758,2.0849961152706675
1759,2.0849961152706675
1760,2.0849961152706675
1763,2.0849961152706675
1752,2.0849961152706675
1753,2.0849961152706675
1756,2.0849961152706675
1757,2.0849961152706675
1746,2.0849961152706675
1749,2.0849961152706675
1750,2.0849961152706675
1751,2.0849961152706675
1742,2.0849961152706675
1743,2.0849961152706675
1744,2.0849961152706675
1745,2.0849961152706675
1737,2.0849961152706675
1738,2.0849961152706675
1739,2.0849961152706675
1732,2.0849961152706675
1729,2.0849961152706675
1730,2.0849961152706675
1731,2.0849961152706675
1723,2.0849961152706675
1724,2.0849961152706675
1725,2.0849961152706675
1728,2.0849961152706675
1716,2.0849961152706675
1718,2.0849961152706675
1721,2.0849961152706675
1722,2.0849961152706675
1715,2.0849961152706675
1717,2.0849961152706675
1710,2.0849961152706675
1711,2.0849961152706675
1714,2.0849961152706675
1707,2.0849961152706675
1708,2.0849961152706675
1709,2.0849961152706675
1703,2.0849961152706675
1704,2.0849961152706675
1697,2.0849961152706675
1700,2.0849961152706675
1701,2.0849961152706675
1702,2.0849961152706675
1694,2.0849961152706675
1695,2.0849961152706675
1696,2.0849961152706675
1689,2.0849961152706675
1690,2.0849961152706675
1693,2.0849961152706675
1683,2.0849961152706675
1686,2.0849961152706675
1687,2.0849961152706675
1688,2.0849961152706675
1679,2.0849961152706675
1680,2.0849961152706675
1681,2.0849961152706675
1682,2.0849961152706675
1673,2.0849961152706675
1674,1.961194309936299
1675,1.961194309936299
1676,1.961194309936299
1667,1.961194309936299
1668,1.961194309936299
1669,1.961194309936299
1672,1.961194309936299
1661,1.961194309936299
1662,1.961194309936299
1665,1.961194309936299
1666,1.961194309936299
1653,1.961194309936299
1654,1.961194309936299
1660,1.961194309936299
1655,1.961194309936299
1651,1.961194309936299
1652,1.961194309936299
1645,1.961194309936299
1646,1.961194309936299
1647,1.961194309936299
1648,1.961194309936299
1641,1.961194309936299
1639,1.961194309936299
1634,1.961194309936299
1637,1.961194309936299
1638,1.961194309936299
1640,1.961194309936299
1631,1.961194309936299
1632,1.961194309936299
1633,1.961194309936299
1633,1.961194309936299
1627,1.961194309936299
1630,1.961194309936299
1623,1.961194309936299
1624,1.961194309936299
1625,1.961194309936299
1626,1.961194309936299
1617,1.961194309936299
1618,1.961194309936299
1619,1.961194309936299
1620,1.961194309936299
1611,1.961194309936299
1612,1.961194309936299
1613,2.070243507157347
1616,2.070243507157347
1610,2.070243507157347
1604,2.070243507157347
1605,2.070243507157347
1606,2.070243507157347
1609,2.070243507157347
1599,2.070243507157347
1602,2.070243507157347
1603,2.070243507157347
1595,2.070243507157347
1596,2.070243507157347
1597,2.070243507157347
1589,2.070243507157347
1590,2.070243507157347
1591,2.070243507157347
1592,2.070243507157347
1585,2.070243507157347
1588,2.070243507157347
1578,2.070243507157347
1581,2.070243507157347
1583,2.070243507157347
1584,2.070243507157347
1575,2.070243507157347
1576,2.070243507157347
1577,2.070243507157347
1570,2.070243507157347
1571,2.070243507157347
1574,2.070243507157347
1564,2.070243507157347
1567,2.070243507157347
1568,2.070243507157347
1569,2.070243507157347
1561,2.070243507157347
1562,2.070243507157347
1563,2.070243507157347
1553,2.070243507157347
1554,2.070243507157347
1555,2.070243507157347
1556,2.070243507157347
1547,2.070243507157347
1548,2.070243507157347
1549,2.070243507157347
1550,2.070243507157347
1543,2.070243507157347
1546,2.070243507157347
1541,2.070243507157347
1540,2.070243507157347
1542,2.070243507157347
1536,2.070243507157347
1539,2.070243507157347
1534,2.070243507157347
1535,2.070243507157347
1532,2.070243507157347
1533,2.070243507157347
1527,2.070243507157347
1528,2.070243507157347
1529,2.070243507157347
1525,2.070243507157347
1526,2.070243507157347
1519,2.070243507157347
1520,2.070243507157347
1521,2.169687029254522
1522,2.169687029254522
1515,2.169687029254522
1518,2.169687029254522
1513,2.169687029254522
1514,2.169687029254522
1511,2.169687029254522
1512,2.169687029254522
1507,2.169687029254522
1508,2.169687029254522
1505,2.169687029254522
1506,2.169687029254522
1500,2.169687029254522
1501,2.169687029254522
1504,2.169687029254522
1498,2.169687029254522
1499,2.169687029254522
1494,2.169687029254522
1497,2.169687029254522
1492,2.196566935416871
1493,2.196566935416871
1490,2.196566935416871
1491,2.196566935416871
1485,2.196566935416871
1486,2.196566935416871
1487,2.196566935416871
1480,2.196566935416871
1483,2.196566935416871
1484,2.196566935416871
1478,2.196566935416871
1479,2.196566935416871
1476,2.196566935416871
1477,2.196566935416871
1472,2.196566935416871
1473,2.196566935416871
1469,2.196566935416871
1470,2.196566935416871
1471,2.196566935416871
1465,2.196566935416871
1466,2.196566935416871
1458,2.196566935416871
1459,2.196566935416871
1464,2.196566935416871
1452,2.196566935416871
1457,2.196566935416871
1450,2.196566935416871
1451,2.196566935416871
1448,2.196566935416871
1449,2.196566935416871
1443,2.196566935416871
1444,2.196566935416871
1445,2.196566935416871
1441,2.196566935416871
1442,2.196566935416871
1437,2.196566935416871
1438,2.196566935416871
1435,2.196566935416871
1436,2.196566935416871
1434,2.196566935416871
1428,2.196566935416871
1429,2.196566935416871
1431,2.196566935416871
1430,2.3221849951967974
1422,2.3221849951967974
1423,2.3221849951967974
1424,2.3221849951967974
1427,2.3221849951967974
1421,2.3221849951967974
1416,2.3221849951967974
1417,2.3221849951967974
1420,2.3221849951967974
1413,2.3221849951967974
1415,2.3221849951967974
1410,2.3221849951967974
1414,2.3221849951967974
1406,2.3221849951967974
1407,2.3221849951967974
1408,2.3221849951967974
1409,2.3221849951967974
1401,2.3221849951967974
1400,2.3221849951967974
1402,2.3221849951967974
1403,2.3221849951967974
1395,2.3221849951967974
1396,2.3221849951967974
1399,2.3221849951967974
1389,2.3221849951967974
1392,2.3221849951967974
1393,2.3221849951967974
1394,2.3221849951967974
1385,2.3221849951967974
1386,2.3221849951967974
1387,2.3221849951967974
1388,2.3221849951967974
1379,2.3221849951967974
1380,2.3221849951967974
1381,2.3221849951967974
1382,2.3221849951967974
1373,2.3221849951967974
1374,2.3221849951967974
1375,2.3221849951967974
1378,2.3221849951967974
1366,2.3221849951967974
1367,2.3221849951967974
1371,2.3221849951967974
1372,2.3221849951967974
1360,2.3221849951967974
1361,2.3221849951967974
1364,2.3221849951967974
1365,2.3221849951967974
1358,2.3221849951967974
1359,2.3221849951967974
1352,2.3221849951967974
1353,2.3221849951967974
1354,2.3221849951967974
1357,2.3221849951967974
1346,2.3221849951967974
1347,2.3221849951967974
1350,2.3221849951967974
1351,2.3221849951967974
1343,2.3221849951967974
1344,2.3221849951967974
1345,2.3221849951967974
1339,2.2484900517559008
1340,2.2484900517559008
1333,2.2484900517559008
1336,2.2484900517559008
1337,2.2484900517559008
1338,2.2484900517559008
1326,2.2484900517559008
1329,2.2484900517559008
1330,2.2484900517559008
1331,2.2484900517559008
1332,2.2484900517559008
1322,2.2484900517559008
1323,2.2484900517559008
1324,2.2484900517559008
1325,2.2484900517559008
1316,2.2484900517559008
1317,2.2484900517559008
1318,2.2484900517559008
1319,2.2484900517559008
1309,2.2484900517559008
1310,2.2484900517559008
1311,2.2484900517559008
1315,2.2484900517559008
1303,2.2484900517559008
1304,2.2484900517559008
1305,2.2484900517559008
1308,2.261108563212242
1297,2.261108563212242
1298,2.261108563212242
1301,2.261108563212242
1302,2.261108563212242
1289,2.261108563212242
1290,2.261108563212242
1291,2.261108563212242
1296,2.261108563212242
1283,2.261108563212242
1284,2.261108563212242
1287,2.261108563212242
1288,2.261108563212242
1280,2.261108563212242
1281,2.261108563212242
1282,2.261108563212242
1275,2.261108563212242
1276,2.261108563212242
1273,2.261108563212242
1274,2.261108563212242
1269,2.261108563212242
1270,2.261108563212242
1268,2.261108563212242
1263,2.261108563212242
1266,2.261108563212242
1267,2.261108563212242
1260,2.261108563212242
1261,2.261108563212242
1262,2.261108563212242
1256,2.261108563212242
1259,2.261108563212242
1254,2.261108563212242
1255,2.261108563212242
1249,2.261108563212242
1252,2.261108563212242
1253,2.261108563212242
1246,2.261108563212242
1247,2.156004357807863
1242,2.156004357807863
1245,2.156004357807863
1240,2.156004357807863
1241,2.156004357807863
1235,2.156004357807863
1238,2.156004357807863
1239,2.156004357807863
1232,2.156004357807863
1233,2.156004357807863
1234,2.156004357807863
1228,2.156004357807863
1231,2.156004357807863
1226,2.156004357807863
1227,2.156004357807863
1224,2.156004357807863
1225,2.156004357807863
1220,2.156004357807863
1221,2.156004357807863
1218,2.156004357807863
1219,2.156004357807863
1213,2.156004357807863
1214,2.156004357807863
1211,2.156004357807863
1212,2.156004357807863
1203,2.156004357807863
1204,2.156004357807863
1205,2.156004357807863
1206,2.156004357807863
1196,2.156004357807863
1197,2.156004357807863
1198,2.156004357807863
1200,2.156004357807863
1191,2.156004357807863
1192,2.156004357807863
1193,2.156004357807863
1199,2.156004357807863
1185,2.156004357807863
1186,2.196566935416871
1189,2.196566935416871
1190,2.196566935416871
1179,2.196566935416871
1182,2.196566935416871
1183,2.196566935416871
1184,2.196566935416871
1176,2.196566935416871
1177,2.196566935416871
1178,2.196566935416871
1170,2.196566935416871
1171,2.196566935416871
1172,2.196566935416871
1175,2.196566935416871
1169,2.196566935416871
1164,2.196566935416871
1165,2.196566935416871
1168,2.196566935416871
1161,2.196566935416871
1158,2.196566935416871
1162,2.196566935416871
1163,2.196566935416871
1155,2.235729973989274
1156,2.235729973989274
1157,2.235729973989274
1151,2.235729973989274
1154,2.235729973989274
1149,2.235729973989274
1150,2.235729973989274
1147,2.235729973989274
1148,2.235729973989274
1143,2.235729973989274
1144,2.235729973989274
1140,2.235729973989274
1141,2.235729973989274
1142,2.235729973989274
1136,2.235729973989274
1137,2.235729973989274
1134,2.235729973989274
1135,2.235729973989274
1130,2.235729973989274
1133,2.235729973989274
1128,2.235729973989274
1129,2.235729973989274
1123,2.235729973989274
1126,2.235729973989274
1127,2.235729973989274
1121,2.235729973989274
1122,2.235729973989274
1115,2.235729973989274
1116,2.235729973989274
1119,2.235729973989274
1120,2.235729973989274
1112,2.235729973989274
1113,2.235729973989274
1114,2.235729973989274
1109,2.235729973989274
1106,2.235729973989274
1107,2.235729973989274
1108,2.235729973989274
1100,2.235729973989274
1101,2.235729973989274
1102,2.235729973989274
1105,2.235729973989274
1093,2.235729973989274
1094,2.235729973989274
1095,2.235729973989274
1099,2.235729973989274
1086,2.235729973989274
1087,2.235729973989274
1088,2.235729973989274
1092,2.235729973989274
1085,2.235729973989274
1084,2.235729973989274
1081,2.235729973989274
1080,2.235729973989274
1077,2.235729973989274
1078,2.235729973989274
1079,2.235729973989274
1071,2.235729973989274
1072,2.235729973989274
1073,2.235729973989274
1074,2.235729973989274
1065,2.0849961152706675
1066,2.0849961152706675
1067,2.0849961152706675
1070,2.0849961152706675
1060,2.0849961152706675
1063,2.0849961152706675
1064,2.0849961152706675
1057,2.0849961152706675
1058,2.0849961152706675
1059,2.0849961152706675
1051,2.0849961152706675
1052,2.0849961152706675
1053,2.0849961152706675
1056,2.0849961152706675
1050,2.0849961152706675
1045,2.0849961152706675
1046,2.0849961152706675
1049,2.0849961152706675
1042,2.0849961152706675
1043,2.0849961152706675
1044,2.0849961152706675
1037,2.0849961152706675
1038,2.0849961152706675
1039,2.0849961152706675
1031,2.0849961152706675
1032,2.0849961152706675
1035,2.055295719574363
1036,2.055295719574363
1029,2.055295719574363
1030,2.055295719574363
1023,2.055295719574363
1024,2.055295719574363
1025,2.055295719574363
1028,2.055295719574363
1017,2.055295719574363
1018,2.055295719574363
1021,2.055295719574363
1022,2.055295719574363
1014,2.055295719574363
1015,2.055295719574363
1016,2.055295719574363
1010,2.055295719574363
1011,2.055295719574363
1008,2.055295719574363
1009,2.055295719574363
1001,2.055295719574363
1002,2.055295719574363
1007,2.055295719574363
1000,2.055295719574363
994,2.055295719574363
995,2.055295719574363
996,2.055295719574363
997,2.055295719574363
989,2.055295719574363
990,2.055295719574363
993,2.055295719574363
983,2.055295719574363
986,2.055295719574363
987,2.055295719574363
988,2.055295719574363
979,2.055295719574363
980,2.055295719574363
981,2.055295719574363
982,2.055295719574363
976,2.055295719574363
972,2.055295719574363
973,2.055295719574363
974,2.024792991365806
975,2.024792991365806
966,2.024792991365806
967,2.024792991365806
968,2.024792991365806
969,2.024792991365806
960,2.024792991365806
961,2.024792991365806
962,2.024792991365806
965,2.024792991365806
955,2.024792991365806
958,2.024792991365806
959,2.024792991365806
951,2.024792991365806
952,2.024792991365806
953,2.024792991365806
954,2.024792991365806
946,2.024792991365806
947,2.024792991365806
948,2.024792991365806
941,2.024792991365806
944,2.024792991365806
945,2.024792991365806
940,2.024792991365806
939,2.024792991365806
934,2.024792991365806
937,2.024792991365806
938,2.024792991365806
926,2.024792991365806
927,2.024792991365806
932,2.024792991365806
933,2.024792991365806
920,2.024792991365806
923,2.024792991365806
924,2.024792991365806
925,2.024792991365806
916,2.024792991365806
917,2.024792991365806
918,2.024792991365806
919,2.024792991365806
909,2.024792991365806
910,2.024792991365806
911,2.024792991365806
913,2.024792991365806
903,2.024792991365806
904,2.024792991365806
905,2.024792991365806
906,2.024792991365806
897,2.024792991365806
898,2.024792991365806
899,2.024792991365806
902,2.024792991365806
891,2.024792991365806
892,2.024792991365806
895,2.024792991365806
896,2.024792991365806
888,2.024792991365806
889,2.024792991365806
890,2.024792991365806
882,2.12813321702259
883,2.12813321702259
884,2.12813321702259
885,2.12813321702259
878,2.12813321702259
881,2.12813321702259
874,2.12813321702259
875,2.12813321702259
876,2.12813321702259
877,2.12813321702259
868,2.12813321702259
869,2.12813321702259
870,2.12813321702259
871,2.12813321702259
861,2.12813321702259
862,2.12813321702259
864,2.12813321702259
867,2.12813321702259
856,2.12813321702259
857,2.12813321702259
860,2.12813321702259
850,2.12813321702259
853,2.12813321702259
854,2.12813321702259
855,2.12813321702259
847,2.12813321702259
846,2.12813321702259
848,2.12813321702259
849,2.12813321702259
843,2.12813321702259
839,2.12813321702259
840,2.12813321702259
841,2.12813321702259
842,2.12813321702259
833,2.12813321702259
834,2.12813321702259
835,2.12813321702259
836,2.12813321702259
826,2.12813321702259
829,2.12813321702259
832,2.12813321702259
818,2.12813321702259
819,2.12813321702259
820,2.12813321702259
821,2.040147404970382
552,2.040147404970382
549,2.040147404970382
548,2.040147404970382
815,2.040147404970382
553,2.040147404970382
560,2.040147404970382
559,2.040147404970382
556,2.040147404970382
555,2.040147404970382
554,2.040147404970382
568,2.040147404970382
563,2.040147404970382
562,2.040147404970382
561,2.040147404970382
570,2.040147404970382
569,2.040147404970382
575,2.040147404970382
546,2.040147404970382
574,2.040147404970382
573,2.040147404970382
577,2.040147404970382
542,2.040147404970382
545,2.040147404970382
576,2.040147404970382
580,2.040147404970382
541,2.040147404970382
582,2.040147404970382
581,2.040147404970382
539,2.040147404970382
540,2.040147404970382
540,2.040147404970382
583,2.040147404970382
534,2.040147404970382
535,2.040147404970382
538,2.040147404970382
588,2.040147404970382
587,2.040147404970382
584,2.040147404970382
594,2.040147404970382
591,2.040147404970382
590,2.040147404970382
589,2.040147404970382
828,2.040147404970382
595,2.040147404970382
602,2.040147404970382
601,2.040147404970382
598,2.040147404970382
597,2.040147404970382
609,2.024792991365806
608,2.024792991365806
605,2.024792991365806
604,2.024792991365806
617,2.024792991365806
617,2.024792991365806
612,2.024792991365806
611,2.024792991365806
610,2.024792991365806
532,2.024792991365806
533,2.024792991365806
616,2.024792991365806
527,2.024792991365806
528,2.024792991365806
531,2.024792991365806
622,2.024792991365806
619,2.024792991365806
618,2.024792991365806
526,2.024792991365806
625,2.024792991365806
624,2.024792991365806
623,2.024792991365806
521,2.024792991365806
524,2.024792991365806
626,2.024792991365806
525,2.024792991365806
630,2.024792991365806
629,2.024792991365806
519,2.024792991365806
520,2.024792991365806
631,2.024792991365806
518,2.024792991365806
633,2.024792991365806
632,2.024792991365806
637,2.024792991365806
636,2.024792991365806
643,2.024792991365806
514,2.024792991365806
640,2.024792991365806
517,2.024792991365806
513,2.024792991365806
644,2.024792991365806
647,2.024792991365806
512,2.024792991365806
646,2.024792991365806
645,2.024792991365806
651,2.024792991365806
650,2.024792991365806
510,2.024792991365806
511,2.024792991365806
659,2.024792991365806
657,2.024792991365806
653,2.024792991365806
652,2.024792991365806
665,2.024792991365806
658,2.024792991365806
661,2.024792991365806
660,2.024792991365806
668,2.024792991365806
667,2.024792991365806
666,2.024792991365806
674,2.024792991365806
673,2.024792991365806
672,2.024792991365806
671,2.024792991365806
680,2.024792991365806
679,2.024792991365806
678,2.024792991365806
675,2.024792991365806
687,2.024792991365806
686,2.024792991365806
685,2.024792991365806
682,2.024792991365806
692,2.024792991365806
689,2.024792991365806
688,2.024792991365806
681,2.024792991365806
695,2.024792991365806
827,2.024792991365806
693,2.024792991365806
699,2.024792991365806
696,2.024792991365806
703,2.024792991365806
702,2.024792991365806
701,2.024792991365806
700,1.8220654568257126
709,1.8220654568257126
708,1.8220654568257126
707,1.8220654568257126
706,1.8220654568257126
710,1.8220654568257126
716,1.8220654568257126
715,1.8220654568257126
714,1.8220654568257126
713,1.8220654568257126
721,1.8220654568257126
720,1.8220654568257126
717,1.8220654568257126
722,1.8220654568257126
729,1.8220654568257126
728,1.8220654568257126
727,1.8220654568257126
723,1.8220654568257126
790,1.8584984298520235
791,1.8584984298520235
792,1.8584984298520235
784,1.8584984298520235
785,1.8584984298520235
814,1.8584984298520235
787,1.8584984298520235
811,1.8584984298520235
812,1.8584984298520235
813,1.8584984298520235
786,1.8584984298520235
780,1.8584984298520235
783,1.8584984298520235
807,1.8584984298520235
808,1.8584984298520235
776,1.8584984298520235
777,1.8584984298520235
778,1.8584984298520235
779,1.8584984298520235
771,1.8584984298520235
772,1.8584984298520235
773,1.8584984298520235
765,1.8584984298520235
766,1.8584984298520235
769,1.8584984298520235
770,1.8584984298520235
759,1.8584984298520235
762,1.876280153634531
763,1.876280153634531
764,1.876280153634531
477,1.876280153634531
477,1.876280153634531
757,1.876280153634531
758,1.876280153634531
756,1.876280153634531
730,1.876280153634531
603,1.876280153634531
755,1.876280153634531
749,1.876280153634531
750,1.876280153634531
751,1.876280153634531
752,1.876280153634531
748,1.876280153634531
743,1.876280153634531
744,1.876280153634531
745,1.876280153634531
738,1.876280153634531
741,1.876280153634531
742,1.876280153634531
734,1.876280153634531
735,1.876280153634531
736,1.876280153634531
737,1.876280153634531
801,1.876280153634531
804,1.876280153634531
805,1.876280153634531
806,1.876280153634531
797,1.876280153634531
798,1.876280153634531
799,1.876280153634531
800,1.876280153634531
507,1.876280153634531
793,1.876280153634531
794,1.876280153634531
500,1.876280153634531
503,1.876280153634531
504,1.876280153634531
505,1.876280153634531
497,1.876280153634531
498,1.876280153634531
499,1.876280153634531
493,1.876280153634531
496,1.876280153634531
489,1.876280153634531
490,1.876280153634531
491,1.876280153634531
492,1.876280153634531
482,1.876280153634531
483,1.876280153634531
484,1.876280153634531
485,1.876280153634531
479,1.876280153634531
475,1.876280153634531
476,1.876280153634531
478,1.876280153634531
469,1.876280153634531
470,1.876280153634531
471,1.876280153634531
472,1.876280153634531
461,1.876280153634531
462,1.876280153634531
463,1.876280153634531
464,1.876280153634531
457,1.876280153634531
458,1.876280153634531
451,1.876280153634531
454,1.876280153634531
455,1.876280153634531
456,2.435328275236152
447,2.435328275236152
448,2.435328275236152
449,2.435328275236152
450,2.435328275236152
443,2.435328275236152
444,2.435328275236152
437,2.435328275236152
440,2.435328275236152
441,2.435328275236152
442,2.435328275236152
435,2.435328275236152
436,2.435328275236152
430,2.435328275236152
433,2.435328275236152
434,2.435328275236152
426,2.435328275236152
427,2.435328275236152
428,2.435328275236152
429,2.435328275236152
420,2.435328275236152
421,2.435328275236152
422,2.435328275236152
423,2.435328275236152
415,2.435328275236152
416,2.435328275236152
419,2.435328275236152
409,2.435328275236152
412,2.435328275236152
413,2.435328275236152
414,2.435328275236152
405,2.435328275236152
406,2.435328275236152
407,2.435328275236152
408,2.435328275236152
400,2.435328275236152
401,2.435328275236152
402,2.435328275236152
403,2.435328275236152
404,2.435328275236152
394,2.435328275236152
395,2.435328275236152
398,2.435328275236152
399,2.435328275236152
392,2.435328275236152
393,2.435328275236152
387,2.435328275236152
388,2.435328275236152
391,2.435328275236152
385,2.435328275236152
386,2.435328275236152
379,2.435328275236152
380,2.435328275236152
381,2.435328275236152
384,2.435328275236152
373,2.435328275236152
374,2.435328275236152
377,2.435328275236152
378,2.435328275236152
370,2.435328275236152
371,2.435328275236152
372,2.435328275236152
364,2.435328275236152
365,2.435328275236152
366,2.6859750285922592
367,2.6859750285922592
358,2.6859750285922592
359,2.6859750285922592
360,2.6859750285922592
363,2.6859750285922592
352,2.6859750285922592
353,2.6859750285922592
356,2.6859750285922592
357,2.6859750285922592
350,2.6859750285922592
351,2.6859750285922592
344,2.6859750285922592
345,2.6859750285922592
346,2.6859750285922592
349,2.6859750285922592
338,2.6859750285922592
339,2.6859750285922592
342,2.6859750285922592
343,2.6859750285922592
332,2.6859750285922592
335,2.7614352160241653
336,2.7614352160241653
337,2.7614352160241653
329,2.7614352160241653
330,2.7614352160241653
331,2.7614352160241653
323,2.7614352160241653
324,2.7614352160241653
325,2.7614352160241653
328,2.7614352160241653
317,2.7614352160241653
318,2.7614352160241653
321,2.7614352160241653
322,2.7614352160241653
311,2.7614352160241653
314,2.7614352160241653
315,2.7614352160241653
316,2.7614352160241653
309,2.7614352160241653
310,2.7614352160241653
303,2.7614352160241653
304,2.7614352160241653
307,2.7614352160241653
308,2.7614352160241653
301,2.7614352160241653
302,2.7614352160241653
297,2.7614352160241653
300,2.7614352160241653
293,2.7614352160241653
294,2.7614352160241653
295,2.7614352160241653
296,2.7614352160241653
287,2.7614352160241653
288,2.7614352160241653
289,2.7614352160241653
290,2.7614352160241653
282,2.7614352160241653
283,2.7614352160241653
286,2.7614352160241653
276,2.7614352160241653
279,2.7614352160241653
280,2.7614352160241653
281,2.7614352160241653
272,2.7614352160241653
273,2.7614352160241653
274,2.711679009896221
275,2.711679009896221
271,2.711679009896221
268,2.711679009896221
269,2.711679009896221
270,2.711679009896221
264,2.711679009896221
265,2.711679009896221
266,2.711679009896221
267,2.711679009896221
260,2.711679009896221
261,2.711679009896221
262,2.711679009896221
263,2.711679009896221
258,2.711679009896221
259,2.711679009896221
254,2.711679009896221
255,2.711679009896221
256,2.711679009896221
257,2.711679009896221
251,2.711679009896221
252,2.711679009896221
253,2.711679009896221
248,2.711679009896221
249,2.711679009896221
250,2.711679009896221
244,2.7855343858748642
245,2.7855343858748642
246,2.7855343858748642
247,2.7855343858748642
243,2.7855343858748642
239,2.7855343858748642
240,2.7855343858748642
241,2.7855343858748642
242,2.7855343858748642
236,2.7855343858748642
237,2.7855343858748642
238,2.7855343858748642
233,2.7855343858748642
234,2.7855343858748642
235,2.7855343858748642
231,2.7855343858748642
232,2.7855343858748642
227,2.7855343858748642
228,2.7855343858748642
229,2.7855343858748642
230,2.7855343858748642
224,2.7855343858748642
225,2.7855343858748642
226,2.7855343858748642
221,2.7855343858748642
222,2.7855343858748642
223,2.7855343858748642
217,2.7855343858748642
218,2.7855343858748642
219,2.7855343858748642
220,2.7855343858748642
213,2.8698499464963474
214,2.8698499464963474
215,2.8698499464963474
216,2.8698499464963474
209,2.8698499464963474
210,2.8698499464963474
211,2.8698499464963474
212,2.8698499464963474
205,2.8698499464963474
206,2.8698499464963474
198,2.8698499464963474
199,2.8698499464963474
204,2.8698499464963474
192,2.8698499464963474
195,2.8698499464963474
196,2.8698499464963474
197,2.8698499464963474
190,2.8698499464963474
191,2.8698499464963474
185,2.8698499464963474
188,2.8698499464963474
189,2.8698499464963474
183,2.8698499464963474
184,2.8698499464963474
178,2.8698499464963474
181,2.8698499464963474
174,2.8698499464963474
175,2.8698499464963474
176,2.8698499464963474
177,2.8698499464963474
169,2.8698499464963474
170,2.8698499464963474
171,2.8698499464963474
164,2.8698499464963474
167,2.8698499464963474
168,2.8698499464963474
162,2.8698499464963474
163,2.8698499464963474
159,2.8698499464963474
160,2.8698499464963474
161,2.8698499464963474
154,2.8698499464963474
155,2.8698499464963474
156,2.8698499464963474
148,2.8698499464963474
149,2.8698499464963474
150,2.8698499464963474
153,2.8698499464963474
146,2.8698499464963474
147,2.8698499464963474
140,2.8698499464963474
141,2.8698499464963474
142,2.8698499464963474
143,2.8698499464963474
135,2.8698499464963474
138,2.8698499464963474
139,2.8698499464963474
132,2.8698499464963474
133,2.8698499464963474
134,2.8698499464963474
129,2.8698499464963474
125,2.8698499464963474
126,2.8698499464963474
127,2.8698499464963474
128,2.8698499464963474
115,2.8698499464963474
118,2.8698499464963474
119,2.8698499464963474
120,2.8698499464963474
111,2.8698499464963474
112,2.8698499464963474
113,2.8698499464963474
114,2.8698499464963474
105,2.8698499464963474
106,2.8698499464963474
107,2.8698499464963474
108,2.8698499464963474
101,2.8698499464963474
104,2.8698499464963474
97,2.8698499464963474
98,2.8698499464963474
99,2.8698499464963474
100,2.8698499464963474
92,2.8698499464963474
93,2.8698499464963474
94,2.8698499464963474
86,2.8698499464963474
87,2.8698499464963474
90,2.8698499464963474
91,2.5284006985207497
79,2.5284006985207497
84,2.5284006985207497
85,2.5284006985207497
73,2.5284006985207497
76,2.5284006985207497
77,2.5284006985207497
78,2.5284006985207497
69,2.5284006985207497
70,2.5284006985207497
71,2.5284006985207497
72,2.5284006985207497
64,2.5284006985207497
65,2.5284006985207497
66,2.5284006985207497
59,2.5284006985207497
62,2.5284006985207497
63,2.5284006985207497
57,2.5284006985207497
58,2.5284006985207497
51,2.5284006985207497
52,2.5284006985207497
55,2.5284006985207497
56,2.5284006985207497
45,2.5284006985207497
48,2.5284006985207497
49,2.5284006985207497
50,2.5284006985207497
41,2.5284006985207497
42,2.5284006985207497
43,2.5284006985207497
44,2.5284006985207497
35,2.5284006985207497
36,2.5284006985207497
37,2.5284006985207497
38,2.5284006985207497
31,2.298145884053542
34,2.298145884053542
28,2.298145884053542
29,2.298145884053542
30,2.298145884053542
23,2.298145884053542
24,2.298145884053542
27,2.298145884053542
20,2.298145884053542
21,2.298145884053542
22,2.298145884053542
14,2.298145884053542
15,2.298145884053542
16,2.298145884053542
17,2.298145884053542
8,2.298145884053542
9,2.298145884053542
10,2.298145884053542
13,2.298145884053542
2,2.298145884053542
3,2.298145884053542
6,2.298145884053542
7,2.298145884053542
4294,2.298145884053542
4057,2.298145884053542
1312,2.298145884053542
694,2.298145884053542
664,2.298145884053542
615,2.298145884053542
596,2.298145884053542
136,2.298145884053542
157,2.298145884053542
5295,2.8091431018281936
5234,2.605242044810265
5114,2.477628569777873
5022,2.2735886793556563
4961,2.2735886793556563
4930,2.285933465116854
4869,1.8937843712640379
4749,0.8471433184475475
4688,0.8012050527114494
4657,0.8012050527114494
4596,0.0
4565,-0.10513562645314352
4504,0.8912038700731201
4443,0.8012050527114494
4414,0.8012050527114494
4383,0.8012050527114494
4352,0.8012050527114494
4291,0.8912038700731201
4261,1.123466358842179
4199,1.0880437749852265
4169,1.0514293276813416
4138,0.9742758151762758
4018,1.285149102820362
3987,1.285149102820362
3896,1.0880437749852265
3926,1.3148059042857019
3743,1.254667931876713
3773,1.2233141923259214
3834,1.157773721508847
3653,1.157773721508847
3561,1.123466358842179
3408,1.285149102820362
3469,1.254667931876713
3288,1.157773721508847
3378,1.254667931876713
3196,1.013538129311519
3043,1.0514293276813416
3104,1.013538129311519
2922,1.013538129311519
2830,1.157773721508847
2861,1.0880437749852265
2677,1.123466358842179
2738,1.157773721508847
2769,1.123466358842179
2557,1.3148059042857019
2588,1.0514293276813416
2616,1.0514293276813416
2465,1.5026424123699116
2496,1.5026424123699116
2312,1.550921148290795
2343,1.5742935870347767
2373,1.550921148290795
2192,1.5270449841887062
2223,1.5742935870347767
2251,1.5270449841887062
2100,1.619610916097541
2161,1.4521592705932218
1978,1.8220654568257126
2008,1.8033945170876935
2070,1.663151625011302
1917,2.055295719574363
1947,1.876280153634531
1735,2.040147404970382
1796,2.0849961152706675
1827,2.099558678969194
1643,2.070243507157347
1705,2.040147404970382
1552,2.099558678969194
1582,2.12813321702259
1461,2.2735886793556563
1369,2.2735886793556563
1216,2.2097718750929456
1277,2.142154495775482
1096,2.156004357807863
1004,2.055295719574363
851,2.142154495775482
912,2.024792991365806
943,1.9774337953247334
731,1.876280153634531
639,2.009226669569681
670,1.663151625011302
486,2.2228250478792773
547,1.8584984298520235
578,1.876280153634531
397,2.586507218567771
425,2.586507218567771
305,2.862432680215784
121,2.6236771778618944
152,2.8246196799317205
182,2.862432680215784
60,2.39140550677356
0,2.2228250478792773
